485 774 758 788 884 809 814 907 744 65 675 594 824 94 99 710 527 337 746 646 431 3 829 494 692 790 54 860 735 562 268 333 
872 238 708 325 183 134 235 222 696 408 138 794 715 995 486 740 849 713 393 217 344 109 353 354 762 662 439 1002 464 371 775 683 
691 361 33 397 958 801 463 168 317 389 909 764 694 528 133 79 312 702 345 932 193 836 311 666 103 929 911 959 468 626 674 334 
949 237 737 1008 778 587 952 206 830 287 136 892 804 442 725 63 472 194 253 534 326 276 986 567 1017 925 30 858 450 310 220 1022 
243 828 815 722 776 116 719 16 25 306 687 796 635 49 122 23 81 118 142 323 554 75 617 459 838 976 185 589 242 8 1007 913 
449 547 908 53 283 637 586 474 546 575 921 453 526 903 766 340 881 560 734 132 883 45 82 121 667 811 672 52 598 62 808 294 
403 516 645 174 693 997 382 76 346 989 358 498 291 955 969 209 570 266 968 31 839 983 753 681 367 452 386 359 51 572 173 791 
593 618 703 58 771 820 638 199 780 496 113 135 1010 160 372 509 106 985 406 482 440 72 211 246 418 60 583 19 470 258 906 343 
581 712 251 74 917 665 549 425 525 998 289 748 90 141 17 145 876 338 504 579 723 942 300 945 803 107 745 1004 144 225 938 513 
684 679 376 973 230 178 488 315 179 730 342 910 741 765 15 67 933 556 111 854 521 409 946 108 491 664 149 940 318 177 195 153 
224 48 1020 1021 650 846 167 157 192 517 29 481 158 773 797 956 651 6 706 32 680 196 407 502 659 319 695 190 874 543 511 552 
420 779 550 412 877 163 154 990 438 754 73 282 379 219 254 245 378 272 885 602 924 559 445 430 656 469 558 39 568 59 641 948 
935 954 524 143 140 356 590 234 916 427 802 1016 93 756 295 41 467 351 277 216 551 227 798 4 273 370 855 98 937 531 827 600 
447 247 92 191 77 536 519 931 339 888 960 832 862 414 643 711 677 1009 96 699 305 900 68 825 975 352 743 131 175 388 963 364 
1011 721 578 400 1006 999 36 426 644 868 886 936 215 255 535 186 728 89 652 384 597 716 530 668 669 609 123 610 162 930 296 648 
1000 180 622 492 1005 1019 895 471 787 330 229 657 363 1015 435 821 996 201 689 840 285 233 957 603 86 632 631 763 267 655 538 978 
871 100 810 555 540 259 777 902 181 331 286 226 57 443 444 591 458 38 161 264 799 537 964 853 520 328 169 128 148 159 781 18 
401 557 972 984 1023 982 663 232 476 437 614 150 922 704 313 129 784 890 564 993 920 939 705 434 943 284 867 951 362 738 686 755 
396 497 782 478 377 649 213 565 137 947 967 465 394 387 152 607 767 304 532 585 42 198 905 461 742 171 365 80 349 385 446 265 
720 576 22 424 991 44 918 512 83 321 671 873 595 380 155 20 944 256 823 724 514 466 278 987 844 630 518 240 670 545 1013 928 
915 27 510 88 619 341 205 548 355 707 2 87 413 606 348 43 252 515 875 124 7 462 456 620 506 901 411 360 992 499 503 843 
368 301 709 197 806 303 1001 455 544 541 21 574 592 739 539 553 188 726 634 78 717 422 582 896 573 110 866 869 826 870 1 965 
882 314 236 834 390 156 417 274 460 971 601 37 290 772 891 979 127 831 262 625 500 454 170 373 316 200 523 419 281 223 104 1024 
647 793 119 718 1014 852 70 856 819 845 701 833 392 322 125 302 878 475 977 187 249 588 102 261 66 783 660 14 9 816 207 324 
837 218 894 61 864 950 327 369 613 654 402 615 244 887 101 640 64 85 241 105 861 770 865 893 250 56 805 46 835 69 432 10 
817 682 11 415 263 12 761 608 580 95 495 151 40 688 923 239 685 182 658 493 47 404 416 752 55 13 961 423 26 731 280 760 
863 24 747 633 623 308 569 736 879 292 428 700 904 966 1018 673 214 759 508 270 457 350 489 448 112 208 926 366 248 733 441 750 
612 84 28 477 120 260 727 807 204 962 751 398 202 768 309 785 914 490 981 974 934 271 139 50 605 988 130 859 320 584 381 813 
857 505 604 566 279 919 848 757 994 795 231 269 980 786 35 228 1003 480 405 842 436 698 165 912 429 1012 678 297 507 927 661 172 
899 628 729 596 184 374 847 690 599 176 639 336 203 97 563 953 335 732 288 298 792 347 34 147 483 676 501 479 749 522 433 114 
275 484 117 889 357 529 221 616 5 769 812 375 126 307 636 210 533 329 164 395 642 789 487 629 850 91 561 166 293 897 800 841 
189 714 624 898 577 627 941 970 115 71 621 571 851 212 822 880 146 391 410 611 421 653 542 383 697 332 257 451 818 399 473 299 
