4042 1553 449 1608 960 2972 399 1853 606 3208 2930 2477 2401 871 3514 1749 2611 1892 601 1205 1787 2630 2214 1028 3889 447 3565 1491 550 3847 1675 379 2803 1700 378 4019 1993 3277 1590 2605 1247 1365 195 3043 3515 1593 3774 2086 3142 3404 2970 2781 308 2478 2181 1109 1664 792 2932 3785 2582 2610 3139 129 
2103 3358 1563 2264 906 2130 1035 1133 100 635 3684 1268 3927 2490 82 66 285 3254 1679 1130 1692 510 3896 1840 1019 48 1006 2928 243 2772 578 3353 2529 3738 787 3456 1861 2993 2137 3826 1814 1963 2387 962 3950 1280 2500 393 935 2314 3792 1303 3953 621 2375 842 298 3631 1321 1480 1272 608 2981 585 
439 546 3765 2927 1078 310 1333 186 3260 3385 3814 1269 758 1055 2098 413 3638 1781 3886 2234 2979 1701 2537 2027 2066 680 3861 97 1649 3983 560 3921 2736 127 845 2958 970 2950 2604 2135 509 1617 2962 125 1004 1014 2742 3872 1362 2989 2494 1551 570 3772 3625 2483 21 2154 2578 3171 3548 4053 254 2617 
2547 202 2467 1762 773 3969 979 3851 2153 3821 2888 4089 3163 1427 429 1233 2174 1467 2080 163 446 2808 3026 1957 1612 1932 2009 569 3807 123 2047 109 4057 1475 2203 175 2446 144 2925 1524 2903 138 1029 2634 2351 1638 3374 238 1504 866 4038 2097 1011 419 3751 1328 2414 1607 2386 1871 2322 3951 628 805 
2138 3451 75 1118 1117 174 3003 1973 3440 835 2145 1274 3595 2907 2853 3436 177 1418 1797 3042 647 2128 1916 3628 2826 631 3350 774 2519 1732 3068 3261 2651 2597 1298 4094 410 3709 2566 2117 3325 1093 3392 3330 1668 2947 972 3524 1629 217 3701 347 436 4000 1901 2389 3319 1715 2443 1021 2806 1849 2681 521 
665 1273 2468 3647 2213 818 5 1802 1867 1515 709 3911 80 3797 2750 3396 3875 2633 1366 583 3406 3580 658 3417 2279 1657 3479 1509 3045 176 423 3837 2225 695 2493 757 936 887 2173 1934 3586 843 1100 1249 1270 2458 405 517 1791 1897 3124 304 1801 151 567 1161 4026 14 2688 68 1621 2872 910 2980 
1623 1111 543 3480 3954 3178 2780 2603 1779 1446 3841 3037 3854 224 2785 244 2364 328 905 3806 3164 2288 61 24 2561 925 813 3272 4069 2418 3517 3676 2541 2394 3505 1425 3611 348 418 2471 164 3332 4095 837 3046 1911 3842 2960 3602 1844 1937 169 992 1163 929 2609 1855 2753 2900 2776 4011 2143 1965 101 
1561 1922 1044 299 1062 1587 868 2123 2724 1469 168 3393 373 234 2890 2000 1878 2444 1842 2388 1833 3727 2933 1699 2813 3863 3276 39 1600 2104 330 1804 1893 2084 3726 3584 1323 783 3153 848 2712 3220 2261 1252 1959 3047 1633 2152 1104 3275 2689 3337 513 3931 883 2916 219 3812 1440 22 2875 3776 1805 3881 
3997 2926 2280 605 2624 3136 642 2034 2112 1637 3947 64 1761 982 1940 914 2755 2646 4018 1667 2955 132 1915 1459 2934 4049 2060 1604 3266 2594 457 2639 1296 610 1318 1449 3745 1358 2278 2841 1203 2092 2353 12 3405 1847 3044 3786 3678 3169 2693 1438 2022 3660 1001 2994 3447 3192 3933 3031 3429 3214 2936 3635 
3974 1441 1565 2702 3661 2783 1724 687 150 849 1442 2236 3053 1832 3410 712 3138 3085 1529 525 2242 2538 552 1768 1823 424 2370 2839 1302 437 488 1404 3852 703 3323 2505 193 3194 1226 2745 1702 32 2189 28 3397 2887 3119 1290 2445 2176 1632 1606 1642 1720 369 2202 2967 2768 590 1300 3977 1697 1535 2998 
461 3712 116 1351 2074 2461 913 1960 3167 3614 4030 305 2400 1092 2230 1757 2893 3081 672 4009 1611 442 2789 2550 2552 2968 3613 3282 1596 428 2990 2727 3335 229 3314 498 1795 2800 2441 1297 2722 2399 2233 3240 753 1695 1024 1436 355 1550 1676 3433 3702 926 1200 3894 1061 3860 331 803 1325 1739 2100 2487 
1883 1112 2071 4023 940 1120 3145 1605 3069 3905 3204 1727 3626 2696 3575 472 1265 1484 1748 3420 3594 3836 2656 462 3470 1507 3398 1907 1276 3737 2381 3215 2132 1733 1176 790 3791 1166 3632 2848 2684 3381 3801 3757 4074 927 873 3538 891 514 2046 3146 467 2937 2091 1976 934 1729 2797 988 1947 1284 2861 2038 
4036 1143 863 3961 653 228 2405 3758 1337 3221 3723 3012 1088 1585 1522 2583 580 1327 3310 1817 2056 1864 3735 3512 1742 474 1260 1806 2141 557 1821 1555 1474 1943 265 1773 477 3759 1309 2913 1190 2510 690 327 2573 1809 736 674 3270 619 3273 2485 2881 916 3644 2969 2523 2889 3649 1929 4048 50 767 1039 
1324 3454 984 2946 1422 589 208 3798 692 3866 1361 3334 3664 3891 1905 3629 4068 143 1866 4093 94 3913 3298 2167 3241 3972 111 240 2647 2683 2309 215 2408 276 3551 989 3504 3700 1562 460 1429 630 1511 554 1380 1786 1994 3090 2090 2486 1197 1458 2065 559 3592 1343 656 1705 1241 197 2876 3923 2997 2911 
1834 2425 1949 3219 3808 2995 1020 1311 2001 3901 3113 2685 946 3015 102 2365 1917 3222 1755 2392 161 2497 750 1910 2271 392 2865 387 1267 1552 1540 1568 704 3290 614 489 798 79 222 801 2897 3033 1816 2559 2227 2625 1683 3023 3303 3747 76 435 1145 2169 1473 3775 3161 345 1456 1775 1255 1889 1266 3787 
3829 2642 2819 2362 2952 3721 728 1470 755 2357 2686 2366 1164 3198 3435 434 1794 738 3217 1040 3182 751 3692 2197 3373 466 2532 4025 1228 932 2976 1573 3708 3134 3253 90 1293 1686 1944 1851 3316 320 2469 1964 898 1251 2716 2866 2140 1734 676 2627 4083 3542 1766 172 1278 2763 524 3883 2590 1338 3770 2435 
1159 325 1292 260 250 2159 3982 2662 3008 3528 1971 3573 309 337 2961 2512 2869 2904 2959 2449 1646 2260 2924 1998 2110 17 3075 3107 3599 2067 678 819 2068 2506 363 563 1586 964 3615 3160 2737 1716 1496 2122 3482 2450 2318 902 2517 3658 2816 1941 3157 382 3041 2049 1058 3238 3425 1743 52 259 3617 1614 
3340 3390 3224 886 149 2115 2942 3446 2463 3166 3560 2878 888 3422 2621 3024 3366 938 1635 1603 3778 616 1213 1034 2045 323 2275 2574 694 3671 1410 1141 808 139 1948 1426 953 1735 3840 659 1098 180 297 3510 584 947 2613 1651 1595 313 448 1352 2576 3579 3994 2668 2028 3389 385 2754 1722 2701 2015 2669 
3885 2868 2987 2182 996 2328 897 3071 3761 3281 2618 6 3948 1539 1622 214 3006 3716 3453 3868 3315 1279 3256 432 734 2099 3091 365 2829 3027 2752 3248 475 4087 2315 2623 2302 2339 3809 2257 1923 2106 1116 1854 2774 160 3423 1125 3399 3824 3007 2694 2150 2544 2792 2728 3902 37 1737 427 4012 3376 173 3502 
1128 3409 1707 2105 3669 2417 1900 2509 1689 3888 827 1534 351 3697 2299 577 3818 3939 2355 269 2412 4080 1626 2356 1045 1319 226 1383 216 3688 2513 681 2119 3802 319 2434 937 464 1578 362 1772 3331 2832 2052 3264 2079 3491 1031 3301 811 2580 2608 2964 1162 4046 1360 1846 541 997 2629 1227 1214 2769 874 
1154 2675 338 1613 3703 3226 3938 1554 1931 251 1698 51 1589 1835 2677 1559 2354 60 3338 1206 3348 2587 2061 69 3962 2204 3816 1087 967 2191 1499 3955 407 2985 353 3767 3346 1250 576 1356 732 3704 2431 2640 903 1902 3639 131 499 797 523 3636 2005 4078 3172 3525 3127 2982 2619 2860 685 3307 2807 235 
1627 1829 3518 2096 187 727 1348 115 1225 3683 1653 376 3689 1848 1287 1305 81 3526 3605 1969 3147 1135 2812 3653 2729 2858 2008 2063 3869 205 2643 2963 3879 352 2438 1124 3859 311 3424 613 3278 4014 267 388 3845 931 2011 3036 2429 3593 1355 3117 2374 2539 4020 1056 1682 1223 3906 2082 3838 2527 1704 2563 
4024 882 1189 941 729 3458 3788 3541 2496 4002 2516 2615 57 1876 2249 1275 1812 1286 1219 1453 2779 468 130 3190 3289 3893 3438 2340 1703 804 3149 3262 1084 2033 3646 4041 3516 4064 2761 3777 2504 3493 1763 995 2093 1753 2209 1660 34 2847 666 807 74 3148 1666 1195 716 1074 1349 341 67 2440 3864 3858 
2121 1896 990 3236 312 742 3029 486 2526 2655 1591 688 1527 3705 484 1962 598 3013 587 1517 3766 648 140 880 1912 1068 91 3857 1359 2698 3940 3469 1909 3408 1218 1107 1096 1674 3623 1326 92 188 3884 3202 2864 3556 1899 162 262 3009 2520 1308 2518 3627 2824 2703 539 3249 93 3028 3059 1518 113 3850 
2348 1738 2931 3589 2423 1347 3494 356 2156 2295 367 2352 969 1396 2247 632 3616 841 795 72 2129 2901 726 1644 414 2240 1172 2944 3598 912 737 273 3748 3152 318 3361 2421 1656 1532 2136 980 670 242 2586 3935 2680 810 2748 3115 3945 1231 2836 2219 268 2002 1444 872 3606 1234 3143 3591 3102 2491 1798 
339 2109 3370 1895 430 142 2894 1652 3513 904 2953 3577 3686 549 1597 961 220 4081 1926 2170 3543 1882 1414 1891 3239 3088 2163 1599 1443 1072 4079 1685 1598 986 985 1543 966 3564 3083 3040 3354 3967 591 1852 1419 145 1880 2584 536 3928 1951 3554 1983 3322 2771 1221 512 719 4035 2910 623 506 3308 2296 
1167 3662 1505 1314 1576 2183 3428 806 1942 2466 1041 1582 1262 2975 1694 2433 4044 875 1747 1236 633 152 1217 2679 828 1105 2222 3379 952 3520 1571 1253 2338 2413 2235 2705 2221 1610 1822 3465 2164 3414 2823 2335 87 821 403 3471 233 542 112 2179 1421 693 1494 1793 1558 1691 1989 686 831 3718 3535 2427 
3882 3519 2815 19 2978 1523 3724 1138 2957 1925 252 864 4075 1506 1101 108 885 1281 3349 3890 4072 752 2974 1774 2165 1152 1046 1464 2057 791 1655 2638 1245 1856 1764 3137 1395 3956 3079 2317 2885 3975 4003 1038 1636 3659 3158 2522 2073 3544 1935 2708 2396 2706 1839 2941 3867 1177 453 1142 2778 3193 256 478 
3736 383 1796 2415 2294 958 2207 1919 919 2210 2397 2201 2337 452 3743 3092 2666 3756 2528 3306 397 1770 4055 3825 2567 223 10 190 1026 2687 2535 1398 4077 1246 3959 2732 2313 662 4028 3685 3223 3725 963 1008 3760 3920 3898 660 2999 3762 2834 1291 2350 3949 975 3131 485 1708 4076 1549 420 1609 2977 2731 
2044 2304 2657 1224 1776 1432 3011 2320 1085 2759 566 3521 3010 2127 3016 518 1367 2476 2085 3587 1616 761 1625 1790 2184 2874 3552 253 412 2448 8 2007 4062 2004 402 890 4033 2607 182 625 553 1584 3203 1428 3072 2422 596 134 2072 900 1390 1564 2161 3674 2300 2185 496 991 1222 2828 1207 1521 315 2058 
1271 3357 1501 1144 3327 846 2996 159 2276 2670 1149 2330 2579 2653 2558 2272 1188 2420 3156 1070 2331 289 58 1095 3694 3729 3986 3299 2428 1199 3291 1083 146 2200 1036 350 2199 3570 3991 3279 1843 1165 303 2775 922 2914 3539 2499 232 3377 3545 2571 380 2208 1486 1460 2460 171 2543 3061 1313 2596 1921 469 
1413 2305 776 2102 2238 1385 3247 2131 1875 2758 275 1981 2495 1258 1530 3555 3523 1958 3608 2133 1967 1712 3000 3329 1389 166 3782 4010 13 4063 1037 3140 1472 2710 2253 3155 2802 2938 3103 3804 3844 117 4034 1936 2289 357 2723 1053 3089 1399 522 3391 3395 809 3645 2327 3245 2040 723 3326 1886 3657 4022 1831 
1914 3309 1933 4013 3942 572 1301 2726 283 2569 2003 278 836 2524 3231 3283 701 661 3624 3944 1490 1898 3999 3437 1785 1160 2409 3568 924 2383 511 3571 2719 3318 2557 3174 772 1580 3383 2149 1384 3313 1294 1376 3418 2334 3076 859 2379 921 3503 629 2939 3 1463 1005 56 1918 2718 800 1754 1988 3111 2632 
4096 3441 1184 4 1930 84 1974 896 3218 3892 1819 3522 3099 1411 2148 2546 1173 2036 4056 2884 494 1995 3426 406 717 3051 401 574 2664 1808 899 2453 2549 3582 1240 3849 2577 4091 2151 3734 1630 832 3600 901 3957 640 2232 2342 1992 316 1047 2043 1736 2502 2641 20 3887 2359 667 2024 573 1502 2454 3540 
950 1906 1374 1533 878 1400 1677 2094 136 851 615 1777 110 1696 1178 3848 1108 336 1122 333 1372 663 743 858 847 1991 2852 1903 3407 324 3732 45 291 483 838 1838 955 2555 593 2575 1382 3895 2246 1211 2622 3464 1913 326 3173 1537 1858 3371 364 3225 3001 2570 915 3827 3460 3101 2935 2966 1169 812 
682 3468 948 99 3603 3670 2285 1744 2794 2223 2228 2503 280 78 1643 2432 4054 70 3050 375 714 3710 3135 302 760 1193 2455 2601 2373 1769 3109 4051 611 415 2293 2398 1420 77 1346 2798 11 54 1650 3672 258 1461 1022 793 2682 3080 2846 2048 3612 389 4070 2954 500 565 2877 1277 3191 2349 930 4037 
3663 3004 247 2741 2515 2259 1792 2565 2585 2239 451 206 3321 3739 1980 2081 3132 349 2283 1102 7 120 492 2263 3581 3789 295 1048 3988 3477 2329 537 547 3186 3122 1394 3368 869 3112 2965 372 3116 122 487 1344 3005 3463 954 3978 3128 227 1803 3909 1800 2248 533 2265 3574 1127 293 532 3384 3064 652 
2511 31 1416 4084 2393 1577 3648 2788 1423 794 1331 1126 599 200 29 1073 2692 531 1090 2649 2436 2814 870 1322 2426 2912 1887 433 1928 2489 1013 612 1780 3449 715 1212 588 3783 274 2892 1397 2568 2430 2254 939 3060 2554 957 3466 3717 1364 1285 3234 3932 3780 2725 2612 230 2857 3232 1999 3018 1872 1619 
2644 1678 502 2843 2282 3567 2777 2984 3082 471 825 2658 507 3439 2010 332 3855 3965 1434 43 246 1082 786 959 2917 2118 2713 2735 1615 3601 3811 3416 1531 876 1027 183 1579 2231 3499 3356 3196 2172 3607 2403 2765 504 2410 3125 2385 194 2648 2291 2882 1465 3596 1016 1462 1489 850 1439 548 2973 2560 2833 
1310 2525 2845 301 1174 4060 2124 702 170 2786 2514 1363 218 785 2704 2178 3317 3201 895 3367 1239 2764 3937 431 2037 3695 126 3572 141 1106 1257 2088 1956 3336 1043 1232 1146 1316 1723 968 3880 3189 3084 2206 2465 1447 1079 2923 1750 156 2274 3210 2886 3344 1315 3650 2307 2690 2711 1215 3179 1371 114 2738 
1721 3252 3287 718 1067 124 44 1448 2064 2051 556 1430 545 2799 1782 1508 641 857 3339 617 3559 1089 2645 519 2721 2345 1977 3590 2760 2281 2796 2252 3746 998 3534 271 493 3813 118 1350 516 1375 3199 2014 1557 3250 1466 3150 2382 3753 2360 1495 2479 281 1050 3427 2220 2599 3058 2700 2830 796 2790 1815 
210 3622 245 3553 1064 2241 3345 2473 2358 579 713 1157 49 3919 30 2948 3557 920 1451 189 2482 2108 135 2766 2053 360 3176 1341 3237 1208 1536 2195 730 3485 482 3074 2059 1492 2344 911 1975 2588 1330 3823 3489 1377 754 2321 3874 3711 2650 3386 3431 3968 2739 1179 1076 1406 3235 2120 1528 909 943 445 
1000 1194 2757 3754 1393 907 119 25 3966 1182 2592 1836 3269 2811 2113 1479 677 2180 2507 4086 165 564 1648 1870 3114 1525 344 128 3343 3790 1877 1661 2157 1299 179 651 1978 1681 438 2871 2369 1624 3637 3078 1103 2376 747 2452 2676 700 1437 3878 3995 2908 1966 893 2481 35 3359 840 2801 3910 3021 3530 
1487 3549 2267 508 535 1030 1483 861 55 3364 2678 3473 2336 1665 2031 2817 490 443 71 2332 3899 4001 1155 526 3495 3100 956 204 23 1997 3819 2054 1824 740 3070 745 2767 3908 3817 746 2078 2186 2699 1353 1592 3246 3452 1879 3130 595 2310 3749 1859 63 3372 766 4058 3443 2534 1119 322 2462 239 231 
221 191 1711 2025 3311 394 1457 3728 586 3563 2665 2697 1482 2177 697 2324 321 3943 2368 2922 2287 4040 1927 3197 3415 741 4082 2492 1198 2859 923 153 2456 2659 762 2297 3630 3752 2298 1063 974 1018 85 2218 2472 1725 3834 3873 2756 3025 1071 354 814 2475 2030 3912 368 2083 3228 854 3585 3862 2216 1401 
645 3213 3175 877 1807 3980 1690 3719 3832 1187 2273 3019 184 2822 463 36 1329 3904 203 2919 3497 2075 3105 1728 3400 2838 2198 1865 1813 2229 2042 1575 2831 1049 3320 284 782 3133 1588 3576 3973 2380 1741 1503 2155 3963 3799 1415 2895 2943 1243 3347 3288 3188 3498 568 4005 16 1148 255 855 603 759 3209 
889 3286 3227 597 3634 3108 192 981 4088 529 1788 2474 3876 1254 3478 3022 780 3903 1403 708 2226 2589 47 706 3296 3960 1654 42 3926 2146 3691 2855 2821 555 637 839 248 1572 3104 3065 1121 3162 1192 1369 3578 770 865 2188 607 1850 178 3151 2262 1003 2635 2867 3057 1709 1719 1332 3474 458 1057 384 
2747 1373 2988 198 1405 3002 2193 2572 1669 816 3442 2237 1647 744 3411 3032 3486 2606 2628 2290 41 2484 3304 2542 2062 2564 3620 4085 1968 951 473 3212 1202 2533 1520 3722 1312 209 3355 263 2016 1752 2087 2818 592 3066 2717 2116 528 470 497 1645 636 763 3668 1924 2880 1904 2245 1771 721 3509 3098 3547 
1368 1077 1873 817 3583 3744 2782 2311 2827 749 3609 2070 1147 3532 1171 3508 1168 3095 3641 3087 4027 731 2743 1778 2457 3475 287 1663 830 1042 3796 3642 2983 1288 1417 4006 2266 1339 3177 2805 1289 1641 2707 455 3833 2804 1181 775 3488 3656 2951 2536 3698 1594 2667 3259 2212 1885 2902 3093 440 1435 622 4052 
307 3618 2825 133 3795 2020 3448 2862 3696 1402 833 2840 3805 3781 788 3763 2581 1953 3126 2673 3643 3720 3052 3168 1186 2372 3490 3434 802 1051 1639 1673 3159 879 2787 1538 1784 1282 1248 829 2323 459 3621 491 2971 9 2548 3537 639 3979 1972 2126 103 1129 3216 1756 2021 249 2851 3432 2390 3839 3280 1979 
2556 2363 1990 3062 1894 2620 1235 2217 781 2270 1640 2891 2602 1514 815 1210 1497 748 2162 2095 3342 3981 158 201 1009 908 358 2347 479 3679 1476 1881 538 1450 2598 1970 2762 3444 1 620 3324 2740 1357 371 3984 396 2371 4016 3897 3459 1295 2019 1545 1488 59 1810 2879 2531 2905 561 710 1874 2551 286 
1987 3730 2870 2 2614 1512 3387 3952 735 1908 391 1263 3699 2850 3430 1945 2636 106 3915 1765 722 105 1826 3445 3285 3527 867 3690 237 1714 1542 15 626 1659 562 2367 3865 38 1424 1191 3086 1230 107 2333 1468 199 1516 2545 4065 978 3118 3097 1388 505 3843 993 673 2316 366 2101 282 2918 1238 2899 
2530 3654 300 390 1888 3533 398 2144 1381 1132 3268 824 977 1175 314 3610 3731 422 1317 949 994 3121 40 884 1718 668 2809 1950 3467 3680 2419 649 3302 3129 346 739 2746 3369 1454 1500 2921 1662 279 2773 3106 3810 1671 2211 3211 558 4031 1137 2039 1680 1002 2017 3665 1033 1566 1601 1985 2820 515 3035 
1820 2292 2187 340 4067 211 3569 3900 3230 2069 2256 2791 3803 425 691 62 409 1567 3793 1818 3362 1059 3056 386 3352 1010 2160 1541 725 2175 1307 3773 3936 3461 3651 3667 1493 1115 3693 1672 771 3413 2714 3251 3292 3476 1544 1054 1392 2498 3536 1340 3764 3588 789 335 1952 1256 3496 1378 3992 3328 2416 3870 
3403 684 3206 4029 3457 2464 3421 3558 3305 454 1939 3924 3741 4008 3014 3382 1706 2424 3265 1758 973 3917 1581 1841 1183 3771 3971 370 148 1471 544 3048 3652 3740 1920 1345 3619 2341 2089 53 784 3922 3733 1097 4043 3030 657 3714 856 2404 3755 1412 3546 1110 3274 2114 1069 1433 1150 2301 581 917 3295 4047 
2459 207 2992 3846 1759 3715 765 679 3511 3402 1731 2654 2660 1746 3267 167 777 1264 664 634 799 272 928 1320 264 450 1086 1481 1670 892 2442 3165 638 26 2171 400 699 2652 3073 1583 1244 261 3141 2411 2076 3707 1391 444 2402 627 1170 1139 1023 2215 46 1726 361 671 1845 2842 1526 1789 3769 3055 
3039 2672 1409 1693 2715 3531 1730 696 1713 317 3380 3675 933 2929 296 1955 1060 3996 4039 481 820 3229 3907 4015 2562 2873 2269 643 3077 1012 1015 2671 3120 3768 1825 3566 476 1477 3681 3063 3257 2147 1140 2168 1017 2470 1237 3929 944 2194 456 2508 2835 2437 987 2395 2326 2553 1546 1938 381 778 3312 2734 
1570 4066 1209 155 3918 1304 4021 1007 2784 3419 1828 3562 257 2991 3822 3976 3297 3017 756 3154 2593 1114 551 669 2196 571 3706 3462 2258 3673 2949 3492 1387 2898 1982 3964 236 3831 441 2026 2050 3506 2243 2661 2190 157 2810 2439 3110 2844 2945 768 2251 1156 2488 3946 3233 225 3412 3034 834 3877 421 844 
4090 2303 4061 779 2286 2041 2595 3185 277 3501 3958 2268 3682 2956 359 1556 3293 3049 1984 2447 3378 3351 185 395 3388 88 983 1862 2749 1634 2407 3207 2125 1123 3096 3713 705 683 2849 594 3294 1099 1354 3853 2626 600 1131 4017 83 342 3550 1498 1261 1158 2343 1445 3123 3205 2856 3300 3830 96 1065 2158 
624 2591 1032 1687 1767 2631 707 1628 3500 465 2616 853 3094 1760 2192 1618 1201 2250 3794 2255 2920 852 3255 2377 408 644 3687 1830 3998 329 4092 942 2325 582 3144 675 3987 3989 2378 1547 4073 2023 1080 1811 3677 3784 3916 733 1510 1025 290 860 1485 1574 3170 1134 654 826 1783 2674 121 3183 698 1259 
646 945 1081 2793 3455 2134 3180 1478 724 1658 4059 4032 294 2744 1740 2308 3934 1407 1751 2139 2837 3067 3604 2006 2733 3750 2312 609 3828 2306 1151 1710 1560 894 33 881 1455 1153 2986 306 3481 3038 2909 965 1688 3258 1631 2406 2854 1216 3561 3970 1075 823 73 416 3263 2277 1283 1569 3483 822 104 3243 
417 1869 4071 2107 334 266 426 3200 212 411 2111 503 1185 2637 1519 1954 4007 2896 602 534 1799 3633 1996 2012 1890 1113 971 2018 3244 1379 2346 604 3815 3993 2384 3020 1620 1431 1136 2501 241 2940 3242 3779 1386 2391 3271 1745 1827 95 3394 137 862 1196 3487 2013 377 2795 2770 1452 976 3742 2361 4050 
2663 4004 18 213 1868 764 3195 520 3985 3856 2055 495 3990 1335 1220 1548 2915 2032 1857 3472 1513 1306 3450 288 3375 3054 3187 3925 3184 65 1370 270 2883 3529 480 1986 2600 3333 3914 2521 999 1066 2480 147 575 181 1884 1684 2451 2035 3666 1863 1408 2863 1242 2166 98 3835 540 3341 655 3360 1717 1094 
1229 3181 1946 3820 689 3930 4045 196 2695 3597 2319 2029 1052 404 3363 1837 3401 1961 2720 3640 292 1860 501 86 2142 2224 3484 618 1334 2691 2906 2709 1336 3284 2751 2284 2205 1602 1091 3871 530 720 1204 1342 2730 650 2244 89 769 3941 343 3507 3800 154 918 374 3655 3365 2077 711 27 1180 527 2540 
