169 109 255 154 29 216 155 177 186 73 126 167 193 27 116 246 
247 81 18 254 240 39 52 88 185 197 148 79 215 174 146 243 
170 26 145 214 205 139 103 120 98 171 63 86 245 203 35 99 
37 65 42 187 115 256 168 77 242 53 71 223 90 94 8 28 
253 111 64 51 41 78 11 97 82 161 181 87 70 45 156 180 
182 244 40 224 22 151 101 229 43 241 36 160 159 12 110 92 
222 132 46 138 217 25 199 164 59 89 114 130 206 183 21 192 
13 227 184 198 129 195 157 220 76 62 15 125 75 232 211 135 
44 23 31 32 133 137 60 112 234 218 202 57 176 249 190 225 
178 228 85 68 144 24 209 19 231 83 119 213 38 108 93 153 
131 201 96 105 69 191 162 233 84 5 16 100 14 127 117 140 
248 3 123 147 166 49 141 10 72 102 236 134 1 237 54 226 
238 200 173 219 91 136 95 188 149 56 33 17 230 179 204 142 
47 34 175 239 210 80 208 58 6 7 212 189 2 251 55 61 
107 50 113 221 150 106 66 165 124 48 163 122 118 235 207 67 
143 74 152 250 172 20 30 9 104 128 252 121 4 196 158 194 
