978 689 46 88 497 738 718 228 597 932 277 516 741 417 48 745 950 663 423 814 91 795 210 482 266 624 761 204 357 513 800 504 
125 596 186 539 44 994 115 844 798 468 1008 493 914 830 678 147 766 42 563 699 413 851 65 342 213 1012 855 968 306 333 418 231 
582 470 475 43 846 692 96 52 267 472 312 656 441 845 113 717 265 234 195 217 154 716 425 966 612 840 288 428 808 398 387 406 
196 831 12 257 507 990 835 364 782 116 284 786 25 80 698 260 303 988 762 282 985 837 45 109 974 391 137 509 55 551 1000 150 
229 295 847 399 677 870 811 886 310 188 444 326 770 907 275 56 203 308 351 838 175 50 925 933 264 760 647 53 902 169 180 394 
955 588 714 565 522 575 337 530 343 534 506 82 471 247 743 715 705 348 625 384 487 400 236 453 503 818 976 191 706 69 287 780 
541 883 5 547 554 307 602 528 30 652 641 143 913 701 268 1015 363 297 445 924 956 719 778 324 815 688 622 639 404 225 824 651 
756 972 291 1004 362 17 160 604 721 206 876 931 485 642 841 895 146 649 98 700 367 872 552 929 1021 1009 834 737 450 981 233 244 
791 389 722 61 590 829 864 361 973 385 484 857 751 200 648 736 839 691 767 801 81 764 578 619 894 352 280 172 921 804 618 192 
889 122 283 572 1 152 238 420 569 661 909 685 571 598 421 263 85 170 250 940 948 438 36 523 680 919 83 820 31 542 495 128 
181 216 725 73 494 311 278 659 16 358 660 911 449 650 646 856 595 621 79 251 635 3 665 684 208 395 587 908 806 500 627 489 
255 223 26 899 95 787 532 697 230 349 535 636 880 222 451 720 999 980 252 1006 232 138 457 971 106 305 638 776 654 854 644 903 
23 462 586 573 426 245 521 734 86 237 775 360 664 1018 427 335 912 803 615 159 248 153 789 4 559 828 474 419 289 377 235 330 
813 713 173 22 459 583 155 415 405 545 388 87 581 821 728 301 131 8 707 710 60 576 606 555 626 171 467 946 356 100 631 865 
57 546 874 403 162 891 134 620 579 702 947 860 740 239 178 823 20 809 136 772 437 843 696 609 432 496 510 386 354 969 630 156 
341 959 704 607 610 409 788 227 765 594 593 687 189 63 90 653 183 739 585 249 533 374 1019 75 805 99 896 515 59 148 10 71 
1005 878 567 695 998 536 110 1003 819 27 747 608 897 871 942 253 259 246 11 936 37 816 862 476 906 591 526 1011 617 366 953 67 
112 853 928 483 888 673 317 151 938 548 58 570 499 519 220 750 315 945 867 64 103 753 89 130 802 679 492 215 917 121 464 900 
456 273 127 286 558 318 331 904 479 41 514 724 944 2 359 378 669 33 76 443 584 481 431 296 157 531 40 537 613 149 623 321 
373 628 662 982 580 645 977 111 709 825 858 935 666 101 371 74 39 614 873 139 262 62 859 637 433 21 402 810 752 141 939 643 
501 848 1014 993 892 768 727 478 793 822 512 758 995 681 951 549 313 198 769 1023 221 390 290 712 179 368 505 882 226 396 108 667 
508 14 329 861 381 629 177 799 711 51 347 916 199 676 849 212 502 439 992 755 632 683 926 1020 436 309 448 543 1010 1013 190 422 
868 293 132 672 473 983 498 92 491 671 376 207 616 49 77 211 184 524 34 970 958 893 242 316 68 794 941 1002 693 430 785 742 
937 93 987 218 105 322 256 954 271 836 527 517 435 538 319 165 488 965 670 142 975 258 202 826 757 779 325 35 881 119 144 553 
47 336 24 7 455 465 461 452 440 72 690 393 884 270 658 960 962 401 158 332 276 922 759 592 214 910 634 790 877 434 372 114 
771 792 1016 224 852 703 167 382 885 964 550 274 797 600 746 339 29 194 927 298 781 544 279 272 302 890 833 675 566 54 603 9 
466 726 294 694 78 850 392 133 328 682 243 32 66 6 1022 657 107 520 327 996 732 429 511 292 773 408 28 269 540 346 611 19 
744 729 601 166 355 984 447 414 827 201 568 796 986 120 733 370 754 205 344 102 963 918 38 952 94 560 490 304 723 129 411 174 
353 668 380 1024 197 407 15 300 176 416 930 446 383 879 193 410 379 84 991 562 943 898 18 949 749 735 118 564 777 774 875 1001 
934 168 70 97 463 454 254 123 915 556 365 334 281 458 887 424 219 323 299 561 979 163 923 574 209 961 124 708 135 817 812 460 
920 989 261 529 480 140 314 164 241 967 375 557 605 783 525 285 518 731 117 320 338 863 763 1017 240 905 442 957 784 901 866 869 
486 145 640 589 104 748 686 350 412 185 1007 187 807 126 340 599 182 161 345 397 13 469 633 997 477 577 655 832 369 674 842 730 
