1510 3220 3785 2404 2663 3758 2880 3219 3302 1799 2391 1370 269 97 247 2324 2896 1998 2281 2042 3757 2187 2219 2770 893 290 2229 2943 2003 781 2514 918 3414 1074 2351 3772 1402 2406 1035 2563 3417 2504 3956 3761 3672 3705 1170 1716 2101 777 3480 2095 970 3625 2239 3160 2816 1816 2415 23 2268 2876 1268 2777 
3460 569 3152 1979 648 2945 144 3199 154 3399 1190 1853 4084 3140 1497 2133 93 4083 3304 943 385 4037 1119 2261 3089 1290 397 3003 710 3665 1265 3721 3861 3475 2134 947 2207 977 633 1576 3256 3610 1293 3275 751 69 2299 579 1815 3258 205 487 2959 1610 1051 2444 514 1660 2855 2484 349 2357 1941 3393 
100 3407 1902 2170 3161 1067 3613 1934 4064 3534 2748 389 3942 2188 642 3008 231 2371 622 2568 1125 2917 866 3601 1214 1922 2861 3357 1954 45 1727 3158 720 2906 634 1713 3349 2923 2967 2423 2249 3978 1405 1966 3529 2146 3871 478 3170 2739 2582 823 2776 3276 2195 2386 1509 1772 3723 182 3809 2478 3878 1597 
2400 3905 1478 2764 2174 2652 1515 1983 1272 1070 1613 246 2753 1989 2350 1216 1555 2168 887 1884 80 2573 13 757 3496 980 167 1438 3489 2446 3029 2041 495 148 2924 3634 819 532 1931 1213 297 996 3130 1322 2921 888 3628 2772 719 1372 309 630 701 3795 198 2089 1003 3631 2318 756 759 3177 3404 3394 
3392 4019 87 2804 587 3385 1975 2113 3091 2639 3138 668 1645 2456 4045 3166 453 3738 742 3623 325 1625 3624 2288 368 4095 2622 47 3142 2691 475 3616 3035 3268 672 365 1925 3088 903 2225 3941 713 2103 2055 1323 2832 3989 2666 465 3207 2526 2313 3681 1987 3511 652 1392 2532 828 41 1348 2544 3852 1732 
1379 904 2916 4093 4076 2025 2137 2197 865 3081 1648 3150 955 880 2647 1001 1259 3901 691 3080 3727 552 1330 408 3086 2750 527 265 1959 1620 1534 1705 936 2443 1303 2430 3433 2996 3579 3735 651 131 3775 911 4016 3066 1503 766 1204 3454 2097 1658 3590 2648 2898 3011 2076 1862 401 3969 4077 1086 3082 3022 
498 451 2778 489 256 1311 3581 1006 869 1338 4028 104 1891 469 1099 3910 2158 1496 3939 1549 1406 446 2295 3837 1605 2818 272 1858 3415 169 3577 1908 4087 1277 1837 2497 1547 1803 760 301 3141 690 783 1377 3916 2673 2623 2680 2838 4005 2081 2181 789 1215 3898 1638 359 414 2553 2798 1361 1581 1366 740 
56 1439 1289 1255 3584 1466 3833 2655 572 1068 2912 4004 1873 2160 4030 1113 11 1148 778 1548 17 1352 1407 1182 1280 1415 3606 2978 963 3494 1401 1709 3902 324 2724 2258 2874 1867 1538 1776 1587 788 3895 268 3353 3708 1556 3769 3143 1431 2349 3784 518 1720 995 1885 1180 3900 1109 2541 3680 3645 2958 1183 
2422 1852 2678 1365 689 1163 2425 2508 1881 2644 1787 2111 355 1063 3309 2394 1085 1986 2992 3318 3096 3172 1665 113 2094 3955 1167 3115 908 2338 749 142 1162 2143 3125 2725 3822 950 1846 636 2165 1543 2554 2882 2503 3497 418 589 3084 2815 2830 2186 2121 1153 2706 3706 55 2198 3038 3262 2790 2535 3780 322 
1564 3328 61 1830 3448 3014 2167 3032 3437 1206 3344 2365 3191 1446 3410 1960 2775 3950 3401 3598 2897 2902 2064 3954 2596 2730 852 2904 2434 3279 3214 1525 1349 237 3409 134 2696 3541 3595 2293 3171 2788 150 1671 3629 3479 3136 3815 3707 2201 1865 240 2279 1572 3313 1128 860 2722 2665 3281 40 1176 2833 1018 
2659 3467 3250 2720 2574 3300 1795 3597 3829 315 1533 1429 2635 1943 1569 3213 2626 352 637 544 2353 3286 2251 3602 2865 403 3702 4023 2885 3189 3519 932 200 3488 822 538 3135 2594 1760 7 1326 1185 3887 3768 3380 2595 2149 677 3963 4043 772 3010 1386 3626 302 3361 706 744 116 1694 2263 3151 1791 2298 
2209 3522 2492 327 3031 3126 4011 951 2636 1677 1871 3644 188 3050 685 3694 2045 2151 2306 1814 187 507 3675 277 575 585 2330 1563 796 3692 9 3430 2545 213 1337 3539 771 1944 1953 1245 1002 1586 1364 2911 509 3801 2429 2271 3070 4033 2132 716 3438 3391 1430 896 953 3530 1047 621 3767 2534 1313 2889 
1570 264 2063 323 521 274 786 824 3677 1826 1428 2551 3514 594 3674 2112 2787 1566 2275 704 209 3869 763 258 998 2356 2023 2092 2712 423 2743 1244 1477 3927 260 1038 3851 2694 110 2890 2527 2217 2884 629 2914 707 3254 2099 3503 3205 1412 2024 712 1058 2448 2827 3561 2969 2290 3006 2598 1530 1704 3331 
2333 2965 1400 872 992 1304 3145 2657 1140 862 1921 2913 3065 1186 1601 1578 724 1390 2194 1736 2002 3521 1469 3019 3183 1320 2517 3889 36 2382 901 524 1378 1093 2037 1859 1040 467 755 1161 2245 3314 1471 1260 938 3874 334 1950 464 3678 3298 2964 3816 2339 2852 3346 767 2759 2990 1324 2352 455 3549 2954 
3381 1712 1992 2496 698 2126 2661 2171 3834 1717 52 454 1781 496 189 844 1253 1864 2859 628 1678 2257 2697 2779 1178 2820 3491 287 941 3576 2029 1079 1957 2072 2510 2460 2046 1454 3710 2533 162 2211 612 3877 2754 1235 49 1507 3252 1679 1329 3153 35 4048 3155 3362 3466 1832 1565 2241 3267 1144 3931 1350 
1695 883 3476 4061 1297 1914 1452 1745 2792 2826 2015 1898 251 1706 1295 3347 1961 2203 1728 3227 1461 3356 3691 2893 3774 1226 3865 3139 313 2383 1173 3693 21 752 2950 2843 3102 3057 1654 14 2654 570 803 106 834 1353 3087 2515 1924 1004 1200 815 1840 381 3462 528 1906 2602 805 1630 1819 3739 2599 1251 
1746 2455 1157 2999 1007 1273 3209 2476 3847 2049 221 2937 4056 1490 894 3174 491 3728 3649 2418 1110 703 3334 3802 3116 2781 800 1554 3223 2302 3327 3412 1008 2751 321 2952 3892 179 1693 2230 1222 435 4075 77 3004 2939 2747 474 2287 3452 3069 276 1780 543 2695 3520 1451 3243 3342 3319 2034 1690 2433 2658 
4002 1356 1105 1926 2907 3418 1910 973 2935 2944 2140 674 1376 3913 931 522 2529 1562 2294 1947 3799 867 3378 711 1627 1958 2176 874 3636 1513 3578 1619 926 516 2153 1963 1299 2070 3742 1494 3068 115 816 60 3997 143 1194 2441 2807 2256 2142 1020 3310 279 768 2104 388 847 2853 3144 4094 3463 3996 1733 
1152 2080 219 2721 553 873 3465 2409 130 1938 3544 2977 499 1617 3473 915 1147 1 140 3732 1426 2558 1243 1276 2395 1596 2432 2141 1834 26 3821 2847 1346 2155 3245 1624 1291 2495 1424 8 137 3457 502 281 2641 3730 1065 2878 2994 2085 1766 2509 840 1028 1106 725 3542 2005 1385 551 2482 1851 3055 2550 
1258 10 1336 2974 3104 4070 1306 3428 4036 3133 856 1770 2377 3074 851 2178 4065 2649 4029 2110 2436 2022 3225 1634 1175 813 1472 1314 2741 2193 795 1886 1013 2940 2627 1839 975 3754 1911 1698 4020 2938 369 1444 2894 374 3662 3306 574 1546 1391 3228 3696 595 3854 271 236 2384 891 3293 743 4091 2343 2347 
409 3970 2128 2767 2629 34 2963 1228 853 2693 1076 1743 3402 693 3012 1286 1545 212 1254 1985 1030 415 3307 3063 85 3053 1640 563 3247 3917 24 3315 1257 2305 3857 2372 3073 1017 1282 3880 3436 2177 3049 870 827 2466 438 3083 1164 2864 2546 2603 2026 3845 2498 924 164 3695 1489 73 1072 1512 2090 2632 
1577 1595 2920 1653 2968 2587 1688 990 2036 2494 1573 3525 1026 2805 3726 227 2698 671 1202 243 2464 1241 646 2723 2860 921 2403 1096 1239 1212 366 807 1416 2052 2716 2056 3461 1351 1790 2332 1752 1492 2375 1071 2205 1675 925 2757 2116 3832 1056 3232 1977 3129 3478 581 3023 2915 1422 2043 2054 2858 283 37 
3203 1633 2817 697 946 976 107 1769 1978 2184 3290 900 2719 2401 2435 657 2326 3824 540 2773 6 3047 1997 1923 1652 2520 2862 2656 3285 1606 318 341 3431 3202 3470 18 1962 3704 907 3642 1425 3210 3652 2082 1560 2226 1460 3237 2465 1278 3379 2083 2638 3882 2125 2796 784 3922 929 3557 456 1009 2562 3157 
526 2017 1036 3120 2577 1129 3797 2393 3384 3358 157 3668 2320 1279 985 2600 2688 1722 3919 3811 1988 1138 3615 2947 2560 2567 2539 230 2536 1519 3998 3779 4096 3018 1114 3504 722 3092 1804 299 3277 607 2877 753 3185 2513 3783 2051 3435 172 2483 2586 1262 2575 1657 3725 2634 3241 362 3297 244 2870 1883 4035 
214 3105 3870 794 2252 1369 3308 3860 2091 687 1242 425 1821 2416 4026 1319 2628 1511 1870 160 3376 533 2474 1622 2540 1866 3935 3622 177 1247 3211 2886 4032 969 1417 2742 1287 3301 1739 506 2130 1355 2931 102 1229 127 1755 2669 2578 1637 2686 3647 3048 335 1014 1225 462 1749 1150 2421 2035 120 29 64 
1600 1502 3513 3516 2762 2240 1064 1343 28 1673 228 1300 3764 1990 4040 3196 4053 3760 122 1524 1491 68 2397 1860 3862 4055 3792 3123 390 294 810 1000 447 619 1448 1211 165 3835 3756 1773 1689 3110 3231 1863 2439 2414 3765 2390 2681 501 3864 206 1829 2361 863 3620 4013 2782 3947 2450 3688 1646 2942 216 
2771 2565 2407 993 90 2053 20 3044 1419 2766 3985 379 3804 3840 1151 2760 1531 2471 2061 2606 1335 427 3450 3124 513 1927 161 133 2027 1591 1711 1777 559 1946 436 875 2670 3336 1398 229 3026 534 3041 2208 1856 1201 1143 1318 3562 3350 1132 3372 406 1159 2047 2123 270 2059 4090 2993 1485 2220 3569 72 
1172 129 3588 1443 623 3429 1899 3993 964 1483 3054 3093 176 319 2607 826 3737 1284 3746 139 3224 3630 2454 2538 51 4025 39 25 286 378 3987 1269 1080 1092 2867 3076 4081 410 2740 1726 2699 2909 3061 2548 1935 2690 3589 1033 4001 2605 2106 1616 3724 3079 4044 3846 2098 95 2010 1468 1388 3333 1427 848 
3744 1667 3777 3586 50 597 1831 3179 2887 944 2789 3498 836 1486 761 547 141 2380 3456 3368 2829 1188 350 1154 222 3751 631 1945 503 1967 3098 4018 4060 3317 2086 2982 267 1207 3335 3507 981 225 1231 2731 1813 3826 2819 2581 3389 62 2971 1083 2233 3876 407 3025 1434 1459 275 1912 470 2215 445 3077 
1480 203 2837 876 1783 1309 2431 193 930 70 814 956 4050 566 1208 1580 83 1275 76 2028 1703 4031 3619 1117 12 3820 1756 392 3168 2851 2738 2555 3156 2179 449 32 586 101 3351 1155 2704 3146 2637 1909 2633 307 1048 1973 3543 4 2692 3005 3656 1339 568 2803 1642 1579 3294 1389 300 3722 3800 233 
344 1387 3009 2150 620 821 196 1971 1522 252 1701 2420 3515 2613 3288 645 2794 3960 1084 2988 850 3099 371 74 3639 1747 1267 2844 2519 3390 2308 776 3719 293 15 3682 1052 1759 3537 494 3538 3405 988 3842 2147 2291 96 1632 1327 220 1754 384 3773 3788 218 3114 1345 2624 1715 3167 548 1951 386 273 
329 4074 3175 1741 2910 2093 512 2227 666 3982 2662 2684 2057 3850 2591 3263 2901 1604 1413 1842 3731 613 2933 4024 2589 4027 564 3255 1668 2981 345 2786 3259 667 2612 1550 868 3505 2618 4066 556 673 1116 2451 393 2475 2009 3698 3321 262 1976 3506 986 3382 459 3127 421 2274 979 117 254 2389 3806 2701 
4068 2254 261 3422 363 2956 2668 173 3045 1928 1825 2161 1380 2499 3786 311 3565 1487 224 3107 124 3679 4038 1574 2477 662 523 2848 2908 1041 855 2840 3823 3653 65 1252 303 2183 3984 3238 1900 361 2304 444 2955 3567 1918 1623 1845 2469 2561 2336 1357 2899 2491 376 3940 1011 1793 195 2078 3596 3571 999 
38 2765 913 2997 1421 2438 2084 1187 3122 458 1055 2366 1479 681 3921 1061 1160 1315 3280 1005 2755 2296 2839 472 288 3771 2311 2079 2543 3311 354 2246 3912 679 433 3119 1897 202 2682 1057 2609 2196 2672 3039 2387 1321 939 596 774 3386 431 396 2676 3131 2812 3173 2278 1818 3338 2528 1223 928 676 2117 
3481 935 2653 611 1145 1234 731 1019 3396 2549 2646 1552 1332 3655 2289 2836 1467 934 2038 1360 2067 3001 2424 1835 2729 158 3966 3201 3614 2297 511 3906 2276 1077 812 1447 48 278 4015 1844 3106 1969 2204 1877 448 2919 121 1450 3477 2564 1827 808 3485 2074 3403 2419 1761 1721 1588 3272 481 1725 688 3059 
3849 3676 434 2329 3749 916 3884 3078 3661 3961 1236 1078 965 3455 3149 2732 1232 1341 1156 149 2810 3075 1209 1488 809 3322 3453 112 4003 3952 536 580 1233 1437 2405 2485 4000 492 1396 2572 4085 3197 3371 3582 245 2708 1031 632 3918 3226 1087 1227 2579 2285 2216 3024 3204 2671 1889 1876 3819 3212 909 305 
2502 3033 248 3020 1493 952 2970 3646 296 959 519 830 204 2774 1575 317 84 2783 1982 1288 2237 3594 971 1939 201 3375 2135 291 902 238 2232 3292 2780 3574 2461 3222 2255 593 2427 1095 2180 351 3528 3714 159 3747 3618 3159 241 3359 417 3908 3683 2341 2487 3246 1274 1676 2625 2891 2481 2537 4046 780 
994 2822 601 3464 138 1643 3669 2667 1609 3510 88 3383 2467 917 1069 249 3817 1122 3685 479 3192 1305 3759 1394 1520 2651 2903 3483 1614 531 3100 2831 3420 945 1371 1930 1807 1965 2163 3340 1399 1685 357 2650 615 1735 675 958 3793 802 4078 1146 207 3858 1158 1916 2131 4010 2185 2702 81 314 108 486 
1663 3445 1974 2413 3575 3194 16 3200 263 643 1838 3085 3638 1557 1686 3299 2620 3090 2120 3909 3444 2791 3289 3663 343 878 3406 2265 610 1516 2813 3148 721 2871 655 1133 1137 3914 2169 1740 2472 3067 3791 661 2408 308 430 616 2922 4022 380 457 3062 2100 583 2799 3545 3305 2571 2068 2331 680 1184 2402 
476 797 1193 1674 1393 3556 1901 2800 2065 1316 1532 1050 2928 3991 3808 1136 1325 235 2709 1599 1104 3667 3587 3253 3558 3572 3736 1043 2359 132 3632 2115 927 2008 1681 3938 897 2283 1952 554 2736 3181 2000 125 2108 2610 1571 184 663 729 356 3532 2096 1456 3536 2601 3180 3637 2834 2129 4049 2325 2238 3958 
2689 2592 660 1558 1344 1655 2122 1995 3526 3703 3740 4089 504 199 2218 1751 1256 58 1281 1664 1593 3657 383 3337 3320 1636 1359 2866 730 1822 1757 1775 750 242 1285 3583 517 1465 3640 609 185 2976 933 541 280 1141 3813 1592 82 2191 348 1635 882 4042 2228 4092 3261 890 437 1368 1210 239 1025 2849 
2006 542 550 3603 1984 683 2961 429 2557 1022 387 1539 3609 762 2307 1981 678 3419 3964 937 1707 747 2675 2892 2310 2062 1535 3373 1696 770 782 3446 500 961 864 3671 3607 1135 3920 3165 338 2236 644 1872 914 2604 2998 1542 3046 1505 3933 3928 3427 3518 1738 3471 905 2087 3182 3108 2071 565 3447 3885 
817 2367 1517 2735 483 2199 1294 3216 3934 567 732 3932 2328 1250 3994 2346 3776 118 2266 2379 3863 2679 3883 972 2248 1541 92 3879 2267 226 2793 3794 2752 1651 2457 2244 1310 1177 1248 440 2802 2277 1893 1362 480 2883 2322 43 3527 30 2746 3844 798 1968 31 2727 1224 2664 801 2012 163 2983 3330 126 
3875 1788 2811 292 2463 3866 1626 879 4088 2138 3178 2192 3121 3343 1890 353 3303 1854 1418 398 3458 1888 1302 1612 4086 1742 1585 3812 647 604 1662 170 978 1334 1397 1731 27 1848 618 3388 1381 1010 1445 1764 3729 3992 1994 2814 1917 3341 402 3284 2253 1869 1384 912 2280 2362 3015 493 2259 3312 3945 439 
3689 3111 1932 696 3369 3957 1457 705 2828 3424 2303 2761 1528 3718 450 625 3439 881 1750 3907 2490 2927 3986 1034 960 295 416 2797 285 1121 442 2032 2224 4080 2114 2321 3988 3451 3713 2728 2875 3999 3787 3248 617 1237 1798 2895 974 775 79 3295 3434 3687 2857 892 3190 3217 3377 1584 1843 3324 884 3492 
2769 3265 2480 1933 2905 3734 1670 174 3278 741 3755 3627 3962 2845 2337 3995 3859 1559 2392 717 3230 3345 3990 510 3370 3221 253 1059 2951 1964 1111 3229 3977 413 665 168 664 2016 1508 2214 2376 2593 1189 2102 2312 3930 857 367 871 2316 2900 2879 1089 1264 2459 2518 3348 3548 1812 4071 1797 1855 726 2323 
1435 3459 1650 3208 3709 2030 3770 54 3509 3095 147 746 1861 1782 2458 1621 136 2932 1441 3273 508 2264 119 3573 2846 400 877 3818 2118 3443 2583 2058 3929 3896 232 53 2614 997 5 702 754 1506 886 2881 3282 3187 1659 1880 2547 2417 708 1849 3886 1763 4073 2505 1032 1972 2235 2522 3387 3547 792 2066 
854 2021 748 3 923 2334 3570 1669 571 3490 2156 3147 1687 211 3664 2449 4063 2447 2585 3600 1179 1603 2824 3546 1473 1218 490 3699 3535 3270 3828 3959 333 1887 653 2715 1785 558 758 1568 1347 1647 1919 3257 2808 1824 987 1628 428 1053 2284 837 466 181 255 2044 3184 3097 1784 3042 948 3564 2995 2501 
898 3946 1724 2763 2292 2399 3807 1823 1328 2576 3239 2566 3798 331 2726 3040 2145 2512 2523 694 3903 3397 3825 3888 114 2616 2795 424 4052 576 2317 1134 3953 2711 86 3036 3604 692 1737 2210 846 2768 1410 3117 790 1730 3164 588 3323 859 2223 1639 1124 831 2442 1833 4021 3684 2340 197 839 2745 3712 791 
773 4034 1126 715 505 284 3831 2309 3260 2758 1240 2640 3193 3440 1970 920 405 1748 3186 1551 3633 1298 590 1514 3242 4047 2987 3843 895 2124 1929 3449 2247 2159 2348 2273 1907 2949 3112 1800 2445 4012 3973 2707 330 3411 372 2703 3354 3486 166 3974 2250 4007 2388 178 4058 919 2936 3976 779 3269 4057 1098 
1181 128 3056 2823 215 2173 109 1139 3568 3206 3608 3103 738 1374 578 2363 71 1940 1249 745 1817 3659 845 3395 3072 89 3560 1414 858 346 2930 180 2270 2148 1423 1073 259 1054 728 1196 699 2511 3944 1589 1811 3658 535 153 3701 991 306 1062 727 1462 1075 1296 1802 1874 2152 1420 3132 2989 2437 2946 
1691 1878 1602 1828 606 2991 3468 605 1015 2162 1521 1805 2856 2164 592 2984 2570 1312 3670 3013 1463 391 549 3329 2525 3442 608 765 3979 3058 2809 3641 1436 626 171 370 404 471 4062 336 2821 1024 3926 2189 983 1536 1091 1317 3748 2590 2242 2050 709 4072 3599 105 3830 4079 1682 2260 1806 152 3425 3002 
3967 111 735 1714 3789 650 2073 3948 4006 1644 584 1765 3274 3524 1500 3715 942 2381 2957 250 2011 2262 2619 2243 1529 2597 3134 2986 2489 2869 3891 1744 1607 208 3540 1996 3234 3585 3762 3563 1283 3244 3236 2354 3508 1470 1046 1120 473 1913 2980 3052 2705 332 3235 2710 1857 825 3648 3856 718 3872 3283 600 
3264 1762 3030 686 2953 3416 1841 2202 841 957 234 3367 3750 1442 3251 3838 3296 2222 1049 310 1523 1037 838 1060 1123 1094 2166 2611 337 3965 67 2841 3971 3426 3559 1792 1263 700 1527 3936 1594 1905 2873 1501 1484 4059 3493 2941 3163 2213 2621 3271 1540 3654 2507 3094 954 1699 2801 190 2269 3432 3848 1672 
2854 2588 3154 599 2617 103 940 2396 3741 175 2700 1771 2069 461 546 3796 3592 395 1768 3766 183 1920 3218 2453 1197 2426 3332 3553 497 1697 1130 3363 1097 669 659 3240 1894 3975 1354 3778 3421 19 1205 2109 1108 3400 1702 3951 4039 1142 1044 1729 793 734 2506 656 2360 769 3743 1042 3554 2190 1993 1029 
477 66 889 842 3487 75 2020 537 2107 3566 1395 2231 2212 4067 1629 2785 4054 1220 3893 1115 1103 4009 849 3366 3287 3621 2500 3836 3021 42 3660 3423 1767 191 2014 910 2674 3983 1404 339 3814 2105 1567 3162 3753 2282 135 1192 485 99 2631 602 2630 3881 1801 635 2985 3101 2749 3867 223 1618 1127 3593 
3643 289 525 1999 3781 3027 1850 1526 949 984 2075 1611 3899 3711 591 1774 3501 1598 1432 3007 1810 59 3690 377 1219 555 2033 3937 1169 2784 3137 2559 799 2714 3266 1710 1892 733 3555 1937 3611 2975 257 1307 603 3198 1553 2342 2552 2272 1191 1537 1082 2039 2077 1847 1809 1045 316 562 2355 304 3533 1786 
1195 2319 2127 312 3612 2643 3326 2468 3666 186 2001 1779 3981 2378 530 1131 2060 2452 2524 1684 3060 364 2542 266 1615 1499 443 3364 811 1495 2088 2139 1753 1544 3339 463 3949 967 1270 2737 649 358 2315 1411 832 2013 2608 1171 1217 2031 3495 3360 1796 1039 539 2172 3365 3915 2488 1440 1758 3474 1475 818 
1718 2872 2344 3925 146 1088 820 1221 764 3911 3782 3512 44 2973 598 1980 2364 684 1649 3717 3176 192 3325 3413 1149 328 2929 989 829 3502 1453 968 1383 627 2934 4051 3873 639 2486 2850 2300 1012 1118 2048 1882 3745 982 1608 3635 1955 2374 861 1261 1482 3531 2683 3064 3841 210 682 1198 1375 3000 33 
4017 577 298 460 1023 3763 2301 3686 1367 411 2479 3550 1238 217 885 2470 3113 2868 1342 2842 98 2358 2733 394 3752 482 1166 1363 787 1723 1582 1895 4014 3195 194 2979 2713 1455 151 737 2530 1904 1641 2835 2960 3109 3700 2335 63 282 2 641 2373 2516 3484 3853 3355 1027 3580 723 2756 3169 736 57 
1408 3291 1915 2234 91 2966 2734 2368 658 1016 3890 638 2200 1778 1476 2687 2385 906 1631 2531 3591 695 835 3017 3733 1504 1101 3805 806 1808 3904 1409 3071 3215 2521 2440 3037 1680 1403 2677 94 2428 2136 375 2182 2473 1481 2825 3500 426 1683 2863 2918 2411 2660 441 1666 3923 412 3028 2398 2410 1174 1066 
2462 1896 1081 1165 1949 2175 2685 373 1583 155 1836 1991 320 804 962 1102 560 966 3650 3894 2206 2345 3118 1301 1936 1292 1449 1266 3043 22 488 1561 1107 3398 2556 843 3551 2369 3673 1168 3469 3697 1333 2642 3408 3855 1903 3249 1203 4069 2615 2569 452 3924 714 2370 2580 3552 1246 2584 1518 1373 2314 2018 
3188 3897 3810 1271 1708 3839 1100 3803 1868 3374 1230 2144 1942 2925 3827 2645 2157 3968 3617 1112 1794 2926 2744 382 342 1433 1382 3980 3441 3868 614 484 2493 1879 3720 2286 3352 2412 2004 3316 2972 4008 3051 468 520 2154 145 1464 1956 545 2962 3472 1656 3517 3499 1948 1661 582 2806 561 347 2718 3716 1700 
557 899 1308 1358 3972 1021 1734 1719 3523 640 360 1199 46 3605 2221 1340 399 1498 670 1590 515 2948 156 1820 3943 3034 340 1458 422 123 420 2327 3482 3790 1474 3128 2007 4082 3651 78 326 624 1875 922 739 3233 4041 1090 2717 573 2019 1789 419 785 529 432 2040 2119 1692 2888 654 1331 3016 833 
