970 806 891 560 374 112 61 13 89 219 122 328 186 188 278 156 990 667 904 856 155 323 187 358 288 720 105 693 173 390 973 68 
427 835 15 613 485 1006 37 248 640 289 17 894 299 363 962 742 297 752 459 777 557 417 996 518 816 118 1011 958 564 454 992 106 
252 102 857 224 41 598 817 119 120 79 747 754 464 588 527 222 832 749 880 520 333 1024 886 213 115 573 690 86 215 49 833 259 
805 790 712 235 577 914 947 579 140 550 802 600 344 473 972 260 166 28 668 144 979 975 703 44 284 479 933 901 589 46 397 599 
256 866 435 1003 10 961 90 1021 987 206 532 941 261 868 346 534 825 384 168 523 81 419 452 412 434 403 305 306 651 133 96 743 
216 541 227 881 357 855 885 709 1022 159 1020 514 928 506 62 139 815 966 906 319 228 469 664 797 820 495 103 725 654 746 300 239 
771 74 63 285 84 699 174 510 350 16 850 1000 92 3 125 602 544 823 867 704 1010 414 969 829 497 423 212 860 445 364 236 204 
683 686 603 142 108 220 29 662 411 26 591 620 59 111 672 277 171 184 793 1002 677 30 329 1008 509 404 308 345 716 458 332 218 
877 202 292 178 847 254 548 865 944 726 910 426 386 393 791 242 645 839 605 210 203 415 643 831 190 879 141 983 549 135 665 117 
316 739 782 334 121 491 39 310 293 717 468 43 939 12 176 707 943 873 516 930 482 555 913 519 796 448 554 981 421 512 851 908 
729 163 893 890 136 984 360 846 272 524 628 530 229 542 929 410 950 931 301 648 900 945 937 763 336 408 401 869 617 659 436 191 
909 629 232 964 53 993 286 313 898 1 798 776 273 535 980 632 844 917 109 960 792 562 73 413 7 493 854 231 477 455 382 719 
669 627 101 919 863 660 539 758 456 971 843 875 504 175 821 58 243 781 400 128 715 251 604 884 47 813 499 449 138 859 182 476 
72 708 808 685 986 724 267 1012 107 595 266 641 478 897 570 465 959 559 82 335 682 995 546 694 381 845 768 521 298 646 233 223 
80 722 158 1019 678 14 42 621 443 649 511 696 407 751 905 208 657 428 124 934 327 757 819 394 416 303 373 378 314 804 780 383 
318 552 78 486 366 372 871 748 899 876 221 113 681 484 567 538 773 170 379 1014 24 114 784 296 1007 770 291 431 430 422 810 395 
209 320 800 902 230 684 912 508 225 263 892 453 679 11 731 553 695 356 440 161 496 94 217 828 347 1005 915 953 998 447 631 701 
2 614 196 127 840 633 507 294 20 864 35 244 858 153 630 34 466 841 432 359 240 982 249 40 878 540 501 85 270 265 326 367 
837 342 471 145 88 165 753 302 388 653 916 852 67 463 994 66 663 849 765 97 872 925 671 438 418 745 536 348 561 322 214 803 
670 655 490 405 636 93 487 444 601 702 822 965 923 368 134 1023 425 157 812 727 967 592 772 457 576 543 481 918 83 755 650 183 
587 824 312 675 162 340 385 290 338 618 160 1009 151 250 766 547 830 55 22 255 644 189 241 580 974 583 234 989 247 951 77 164 
45 424 801 733 245 23 104 896 472 1001 761 283 767 483 461 18 100 991 376 575 99 674 396 785 744 870 760 64 27 572 503 799 
339 997 341 818 574 253 52 788 200 887 126 354 193 762 571 528 903 462 392 609 307 192 441 676 714 861 834 1004 526 406 775 826 
36 622 581 988 488 976 585 949 985 566 734 309 883 48 274 940 656 295 281 769 853 774 889 399 809 895 807 789 922 380 264 759 
697 642 343 185 4 1018 938 129 226 584 275 611 691 470 737 597 315 87 721 764 71 321 76 387 199 619 741 977 608 352 65 586 
201 963 888 169 948 304 5 582 946 533 446 783 932 450 1013 551 505 181 391 237 258 353 795 688 123 738 578 205 429 402 95 195 
451 954 502 626 680 9 735 370 545 131 537 942 369 33 137 836 130 968 647 848 442 324 50 740 409 525 658 610 279 606 517 180 
713 786 935 978 152 420 351 355 474 687 69 565 698 596 513 492 70 921 238 132 590 25 51 433 531 330 639 593 269 268 920 623 
710 736 149 494 956 460 150 207 489 522 349 1017 262 19 32 439 692 666 271 723 911 616 437 91 154 711 637 811 838 257 827 689 
60 615 999 952 661 787 756 6 673 276 558 529 325 635 1016 282 498 568 480 794 31 8 705 730 778 814 750 365 311 331 116 625 
638 927 148 38 475 515 57 732 612 569 54 874 936 98 375 842 652 211 1015 75 167 700 594 172 624 246 361 280 882 177 56 728 
634 198 371 194 779 955 179 21 718 317 362 924 862 563 907 287 467 389 110 957 398 556 143 337 706 377 197 500 147 607 146 926 
