1885 2301 1152 968 1960 3983 3069 2128 2966 3297 1724 803 474 617 4059 1323 3899 4074 3470 107 3849 3306 1950 3475 1008 3080 2666 2963 2347 632 1144 544 3314 3629 4011 1232 1991 3465 1847 2656 4034 633 685 305 3291 2071 3153 3635 374 804 3055 1356 4072 3569 3767 3627 1284 799 2516 2611 2739 44 2107 971 
3713 3373 3432 3805 2038 511 2009 307 1887 1262 2175 341 3984 2827 2231 1133 581 1222 2203 2603 2709 197 2852 1731 2425 3177 687 2278 1047 83 1486 338 2657 390 3198 2012 603 1572 3442 775 1784 2565 817 3620 2521 3038 1044 389 3774 2230 424 3395 3312 2661 1495 1611 556 790 1099 1116 631 1883 3694 157 
746 616 335 3527 3220 133 3141 2925 1504 1886 3836 3453 3806 342 1098 2990 3082 1090 2819 2052 3047 3256 1947 2760 298 2833 2110 4022 1136 3996 1398 1918 1564 2758 3022 2095 3802 1200 2822 884 405 3210 1225 3324 2273 3690 2569 1162 1465 2706 2816 2385 161 2341 2686 238 957 1484 945 2881 455 2607 3129 3759 
1551 2584 2254 1339 400 314 71 3396 2553 1641 1977 2148 890 987 3539 2455 3514 1014 1397 834 2416 3708 3822 3938 2638 3121 3355 1534 3807 33 1881 3858 2221 683 2346 1340 1992 3583 485 3964 1402 3361 2630 1599 2796 1167 751 3117 841 1013 2779 3652 2411 1380 177 3167 1583 3156 2165 873 3114 3188 2357 854 
54 1913 2268 3510 1872 1023 3555 1873 2500 2209 1972 2883 1470 1444 762 3386 2836 3601 2846 2045 2431 1827 647 2432 3610 3656 2719 3096 2945 2122 2807 3993 3680 2185 2181 3530 2545 2097 3249 1864 1428 1927 3050 4014 2290 4080 3325 3524 1921 3374 3975 2384 826 891 333 3576 2979 3618 1514 1312 3352 3419 2159 2324 
514 3483 1567 2447 597 3253 2576 39 4063 619 1019 2031 2395 2808 3648 3136 570 3827 1072 3458 2643 3628 3061 2256 2920 2946 1384 789 675 3402 24 1209 3338 3920 498 2371 3443 1565 2629 1688 3215 4019 421 2410 347 2169 1463 2020 573 2815 2121 717 592 1531 3971 1585 1936 1657 3457 950 255 386 2414 472 
2509 5 1318 3033 391 3726 2597 567 53 3180 4055 3192 1716 3243 3671 776 2681 1614 4027 3021 688 2306 713 2568 42 546 3941 3413 2761 3868 1476 564 3611 1124 1248 1033 2596 2220 1110 1070 2462 480 2419 301 3594 4013 2908 188 614 1054 599 3426 3301 670 3266 2106 2212 705 1501 1338 6 962 1588 246 
3094 482 822 1563 2456 2224 2149 2924 4010 433 119 2941 1227 256 105 225 3411 2974 3603 2079 1747 3206 422 2032 3176 3643 1320 160 4008 1560 115 2350 2114 1022 2835 3280 3459 296 2847 1392 2558 600 3019 1876 3755 1332 4085 2088 1788 965 1806 3513 622 2864 2712 76 2821 1353 3990 3438 3764 1468 732 1629 
1811 3372 724 2510 1220 944 951 1622 2670 2511 2988 3433 3830 3106 2103 3110 3500 741 1964 757 1663 3777 3862 2632 268 766 137 2173 3531 3902 3492 2623 3641 628 3871 811 2239 1348 1558 2172 1634 29 2929 1775 964 1805 3869 2873 629 660 1994 1299 1034 332 95 3771 2977 598 1231 3111 2743 2721 1041 1956 
2783 1970 4087 3778 35 998 2099 1702 1519 1841 2579 2503 1785 1990 3343 549 537 4052 936 2753 1423 3650 2002 3197 1324 1331 1544 1394 1744 3460 3748 3434 3908 578 226 2752 4088 840 1298 3892 3750 1701 2538 3554 3174 2680 1165 878 2750 94 3179 1962 839 1154 147 584 961 3596 67 453 2755 641 1158 2616 
1697 4091 3317 2381 224 2674 2386 794 317 2907 3088 3992 2037 1843 3431 1089 412 2854 1315 767 1370 2434 1313 4050 3923 2060 2133 1676 2481 4003 638 3221 831 3390 109 1658 3571 3275 1727 419 3888 3675 2557 1015 3674 552 1291 1882 3746 2513 2690 1578 2354 4051 3606 2452 2222 3831 956 227 1195 3218 3447 2879 
1437 1263 4046 1009 2626 2180 952 1621 2912 1980 635 2494 3931 319 1837 1505 1929 3146 645 1689 2461 2136 610 1709 2098 2272 2450 3687 1226 547 4002 3039 2191 764 2648 84 3389 2639 2711 3785 435 1968 786 2420 3631 1349 3716 759 3754 1809 3339 357 3285 3587 1742 362 2011 1395 299 1912 586 2792 3905 722 
3839 1281 2731 3437 3747 1446 905 3637 1389 3028 3335 1182 2334 2366 2429 3600 1062 2131 2767 1978 3818 3534 490 1006 2089 2508 1802 1043 123 1957 1204 2964 2368 269 3164 2412 417 1132 3425 1386 2270 2765 2027 3060 3848 849 3477 1989 3666 1971 254 3645 2192 1642 523 1359 1704 3572 2320 1556 1643 25 1755 2142 
2426 3068 1273 3709 2965 2693 1029 707 165 3580 2770 2449 3654 353 1335 2541 1598 223 478 2804 1566 2534 1485 3142 572 2024 3621 3638 1582 3968 1181 1831 1489 4049 1923 4093 1435 2734 432 2145 1119 2388 3790 1021 3479 653 3885 1046 2010 1502 3154 3120 262 125 114 2308 3388 2640 1890 1 1469 2682 1053 820 
525 1355 16 1700 283 519 1673 2528 926 3684 228 2772 2625 2485 3205 551 2876 3036 3381 3879 14 2194 2636 3856 2617 2696 2705 316 3651 2844 3240 886 3498 1279 1653 473 1130 375 1146 193 727 2535 2028 92 3007 1692 2940 89 2590 1512 3994 2559 2193 1375 1235 3439 1922 1871 1157 4092 2956 966 3284 452 
1038 1042 4058 3403 2467 31 1959 630 441 530 3906 3216 3119 1630 1442 830 2401 1287 1493 3322 148 2138 3248 3881 1974 3751 3859 663 2570 3762 1297 2843 3579 3948 740 2826 1142 1492 981 2476 2445 2006 243 3789 3222 3706 315 2763 798 3242 1829 2294 3895 2340 517 229 1875 3495 3821 779 1093 2319 1948 344 
8 3348 313 2232 3738 1233 639 1383 144 1919 1292 3930 2229 1979 858 3663 321 1586 698 355 259 1057 576 1707 3365 2298 1898 2877 2544 2451 1071 2915 2479 2287 2183 2373 1723 1073 2177 3337 829 1804 2601 2800 941 2716 1773 1387 2972 2853 1790 1376 2134 3074 293 2299 176 1490 2288 2532 55 3125 1258 3538 
367 3075 539 1431 1039 381 1896 877 1559 3991 3969 1602 26 2751 1771 3333 3951 4017 3057 2671 2139 2171 3187 277 108 1938 1372 46 2101 3529 150 3085 1267 1868 1028 2589 68 3769 3943 1782 1712 2207 1067 2773 902 50 1244 2654 2744 171 3362 1455 1126 3592 3391 2856 3087 1967 715 1276 752 1539 1671 2586 
3059 2092 3823 3376 1453 3779 1439 3054 2740 1407 126 1628 2592 122 3932 420 1251 3225 656 1438 1574 130 3077 3213 1404 2342 1633 3657 2943 1718 3547 231 3286 3921 201 3955 260 164 1425 437 3549 520 1112 3118 1759 1246 2157 1445 2040 1848 93 1334 3014 1610 273 730 2794 1869 2573 2539 3172 330 3279 1808 
1069 1776 3659 694 348 532 2540 828 976 1849 3237 3422 2991 3100 365 3095 3732 899 2206 3736 2186 3358 739 827 1601 98 560 4016 1497 2868 3254 1026 907 2951 568 1680 2393 3364 2776 3144 1037 2593 282 540 198 220 3612 2863 1863 3272 2727 1189 3441 128 3791 1074 460 1646 425 290 1966 3354 2236 1557 
3799 3960 1609 1942 2348 2267 189 153 980 1904 1357 2003 373 2241 920 2004 1914 2083 565 3499 4015 4029 3099 2284 23 218 324 1123 470 1206 3181 3003 3472 3829 2515 2942 3852 2631 1100 3309 931 2198 682 118 2890 3961 808 4020 1030 2985 2124 2595 748 2050 1679 585 3461 318 181 2805 3267 1147 3430 3367 
2496 3563 1719 65 1479 2829 155 1012 1140 2715 1010 1031 876 844 1686 866 3507 2285 1096 2078 2248 3642 508 3995 1137 3133 3273 2932 2998 2823 1056 2676 825 2259 2677 1690 3194 3959 3800 2878 2096 3950 3963 723 3980 4071 127 974 2851 2179 1651 2741 868 3546 1177 1835 3271 3340 1467 3973 3157 1685 2061 3247 
3468 2252 352 3744 2376 704 2076 2081 2195 3878 1120 2880 1925 4023 1256 3299 2714 3954 3487 528 1550 3557 787 2328 204 2735 1648 10 1430 2784 2547 1513 3770 1743 3850 12 2973 946 1345 4006 929 2048 960 2842 1995 2505 2778 3135 2831 86 3816 497 2041 3752 487 3582 3051 2780 1757 3817 937 2982 3903 2756 
3377 1857 719 4084 1543 468 205 2722 806 203 939 1092 3860 557 2233 2227 3282 554 883 1594 747 3536 1091 859 4040 1214 2874 784 1125 73 242 434 378 3203 661 1571 2137 1266 1265 3956 2043 3166 2358 995 3685 3559 1477 1164 972 2660 1924 3863 1778 2074 917 1674 2893 672 1106 385 2249 3682 2574 2046 
985 744 3384 1532 464 2669 3615 2655 3379 1758 2967 3491 2675 3214 2244 2187 4048 996 993 2355 3056 814 1004 414 2975 3139 151 2292 3344 664 439 2952 158 2019 2154 921 646 1907 27 919 604 451 3518 2520 37 2400 1373 681 3123 1774 561 462 862 3122 1184 3528 706 2262 642 1608 953 1115 797 1095 
3853 2112 2704 3313 1662 1748 1199 677 3711 1867 4096 3186 3632 2933 488 3331 1360 3949 1243 459 3105 3292 496 3833 2858 2264 187 1746 3360 376 3841 2992 2733 1824 1406 3202 541 994 2795 2279 2537 329 1545 2293 3428 2404 3813 2021 3809 406 2261 2073 2216 438 1850 3401 4037 813 265 640 2023 3735 3353 3515 
2754 3910 1416 1999 304 2315 535 3158 1274 3351 655 3900 1813 2659 2718 1937 1931 408 959 1675 2857 56 1352 1889 2084 444 3591 2921 3999 3228 895 1777 3356 3023 3998 3048 1234 1672 2064 2548 2116 749 3743 812 258 2837 1400 3501 1899 2415 454 2533 1541 3296 3261 1605 693 66 191 3078 3469 3739 1414 1382 
3801 41 3861 1946 648 1175 60 1836 3942 527 3617 3570 2702 1561 1537 3262 3189 1521 3526 795 1088 233 1149 2317 651 3435 40 3408 3052 734 3987 2953 1807 815 2326 1833 1447 174 3466 979 1277 1171 1005 222 1763 2683 874 2984 48 673 236 3715 3030 2058 309 1135 3293 3891 3843 2729 1893 2013 1466 1374 
143 1161 3450 1647 3235 2065 1637 2163 2353 1789 2240 392 1082 2587 2944 3452 1720 2242 2619 136 3558 2123 679 3922 2577 625 2591 1714 3193 2441 19 2093 3493 3688 773 61 3904 1973 1011 3294 2848 3027 3091 343 983 2566 3496 2613 2196 3486 1892 1828 2585 1941 209 3787 2289 3173 3160 2554 2769 1452 3204 3988 
442 2594 3368 3626 1794 364 360 2361 3045 2543 1129 2841 3537 2176 3723 716 1242 2742 1819 982 3633 141 2811 183 1627 3392 11 1576 1954 2127 3035 1358 3239 214 3016 1506 1525 2113 3503 2155 3417 2282 4077 897 2276 2904 932 1500 1254 1963 2581 1347 3332 2117 3820 2305 3489 1620 2167 2764 2044 690 3410 2987 
2182 1341 2077 446 2466 96 1020 1052 2889 3289 1255 479 3776 2745 340 3084 3320 2809 1432 1316 879 1424 3449 906 2635 593 2954 1419 992 1606 102 3719 2818 232 634 545 2153 2067 1097 3585 1217 800 3399 1535 3782 500 4043 2788 2726 3400 721 3201 483 2782 1464 1786 1278 1179 2644 1981 3901 1725 4061 505 
286 1208 312 1180 1399 3455 2143 3851 1105 3112 345 772 2380 3359 3347 1939 2266 3349 3886 1906 737 733 1851 1083 1741 521 1295 3616 666 1590 3619 2732 1045 413 2100 1722 754 1820 1275 2737 1955 235 1542 765 696 1173 2364 3227 2599 2005 2662 1385 2396 2518 2458 863 782 81 2313 3924 1249 1993 2746 3093 
1538 270 3382 234 571 1121 2277 1740 566 2730 2274 2265 1695 2914 2775 1509 3731 117 1296 3397 3409 796 3255 34 3004 145 2713 1988 3598 1764 3733 281 28 819 1840 4073 3882 518 1413 170 989 3622 3064 1527 2072 701 2080 1260 1198 2218 3925 1536 810 3810 1613 2672 1306 1669 2618 3143 9 2884 2086 2377 
3165 103 3049 3161 3522 3490 2245 2189 2649 2257 2158 2824 1405 3812 2303 848 691 3517 1289 1237 3756 2383 582 3532 609 248 1245 3200 230 2766 1035 2188 832 1000 3378 383 3772 1172 1213 1183 2129 4045 3550 1239 200 1710 1698 443 3877 3589 3024 550 2665 2493 1703 888 3933 2118 3012 252 142 1915 885 3880 
855 2790 4033 824 1282 613 3832 2798 1472 1288 2961 1589 173 264 3244 185 3824 131 3593 1211 1059 1080 1739 1369 2472 1462 589 991 3686 1309 3002 2307 986 2444 2695 407 934 2838 1482 1138 1526 175 2866 3482 1814 538 2928 1270 2919 1450 289 2168 3667 2392 75 216 320 1215 1081 2922 3107 2978 3842 3660 
1354 475 1517 2901 2664 562 2389 101 548 2789 4047 1421 1579 3646 2970 2781 769 2335 3940 1371 861 3649 1145 1798 1018 559 3298 1854 3875 2802 1471 2612 1458 272 1520 1344 2304 3676 3845 3029 3393 4086 1102 1796 350 1752 1649 247 3780 2909 1508 418 2281 1409 2111 1264 3260 1706 1460 3300 2658 3977 2108 2057 
3034 1016 4018 3416 3883 2497 2499 3238 436 3269 3946 388 1401 2135 686 2717 2014 1856 447 1367 2814 4065 1040 339 3717 2460 3290 3658 2263 1330 2234 2378 3223 3509 4068 3097 2930 240 1032 2367 1193 3803 310 111 2605 3011 194 676 853 20 2300 372 3967 2564 351 1801 1205 867 3032 1705 2147 3319 702 3695 
3478 2906 2492 3561 1862 2898 1156 431 3602 1751 3163 2786 2120 1365 74 1079 82 1830 2351 711 3026 1224 359 1429 2484 2527 1170 1654 729 3543 1326 370 2330 1261 2899 354 1118 3420 1417 3614 558 1877 1793 1523 3541 2490 963 1286 1427 463 1645 3704 2667 146 2243 2981 823 2651 575 2903 1408 2561 2374 892 
3128 3573 1510 1322 2563 1499 4028 2016 1454 2905 643 3926 276 506 2728 761 969 3336 916 607 680 2531 3473 801 2832 62 3506 2436 1655 2443 3462 113 368 3020 833 2610 555 623 1301 3661 2689 1783 2526 1661 2549 2246 838 3062 3757 2895 3890 486 1229 742 4038 4053 3814 2983 864 2968 2483 190 38 2463 
4070 3252 215 1178 3124 3577 1259 753 3017 2870 2217 1271 2939 3758 3257 403 1108 588 2937 1192 3729 410 3463 1342 63 172 2996 2840 1101 948 2600 781 2140 202 621 2911 793 2258 3211 2487 3342 3363 668 910 4001 2486 166 3040 2468 1480 3281 2860 49 2035 1799 1257 3609 624 2502 2935 366 1965 2687 1196 
2614 2839 2199 1159 788 2828 1726 3013 207 943 1051 1952 942 1554 1065 1104 2051 2253 2433 783 504 3451 2609 1982 2215 1930 531 3415 2204 2344 2105 2688 3175 1036 163 2891 3567 2588 3208 2465 901 1635 924 2679 1713 3190 3556 267 2567 1363 3970 1625 709 2316 1191 930 2604 3131 2115 3366 3031 2885 611 1064 
2471 285 112 4 440 3140 2948 1134 1549 2787 4041 3775 1201 2437 2397 179 3765 2446 1976 1842 3318 2869 889 3795 263 213 18 3784 2608 80 3446 1568 1737 2291 4021 2621 1666 3371 1228 2403 284 865 1049 955 1377 1269 2971 720 124 1762 526 2152 3104 192 195 3076 2001 3427 583 3838 1107 1935 1846 4062 
196 2329 361 1350 1839 1139 3677 1366 1212 3015 1909 758 3605 4025 154 2104 1076 1075 2119 1507 1024 2529 363 2059 3753 1007 3231 1346 2799 708 1825 1548 809 3511 90 3521 1094 3230 1730 1815 396 3241 1050 594 2391 2697 401 522 2812 245 1236 4009 415 1632 356 3804 1300 3929 1865 893 2910 923 210 1553 
2352 3989 1223 1003 1678 2235 1153 2255 1530 387 1916 1148 3315 1415 3250 1190 2026 2418 3098 476 3089 1155 2495 13 2546 911 703 3383 1238 3742 1616 903 1580 3063 3935 2228 591 712 3721 4007 2069 529 2872 3307 3781 1884 2000 1379 32 2090 2849 2440 2955 3562 1652 1874 1696 2339 303 1756 3724 477 692 845 
3081 2685 513 1522 606 2825 104 1987 3613 1503 2190 2556 2552 3508 1494 1745 1307 3126 2918 78 3485 3761 3828 2297 524 1518 2369 3634 132 3523 2562 1422 875 3722 860 3145 1975 199 1781 3745 1753 369 1474 3010 257 3728 2950 2578 908 2406 3321 2442 1457 3653 894 2428 57 2407 64 2801 2417 1821 2390 2725 
2394 1618 380 3407 1816 3341 2777 1800 3952 3672 1174 2969 3590 3184 397 3840 1247 2530 1735 851 2237 208 2888 637 1131 1001 17 2219 1619 492 1855 595 1268 850 184 1803 1818 3581 2736 77 2542 3768 1682 1791 2571 3909 3079 3440 856 1187 4081 3608 297 4064 4036 3232 3979 516 2501 731 912 1436 909 3673 
2049 3090 2642 1832 1958 1717 1329 2094 857 553 1838 778 1488 358 1612 4069 1636 3934 159 2478 3302 423 3226 1391 1660 1681 219 180 4057 2250 1280 3497 266 1626 1650 2900 3169 1817 1546 997 3005 2087 1562 72 334 2042 3792 2345 3568 3553 2997 2141 4000 1078 2280 2331 1230 1250 3502 1604 2936 3893 411 1597 
249 933 1418 3894 1593 3101 2286 1150 1795 275 2302 1728 3625 3278 3873 3512 3327 1765 935 1293 461 1908 768 2962 1333 2054 2370 2867 2902 1319 1911 3793 1483 2448 3207 382 2283 3696 274 152 3826 1141 1928 2700 3083 1290 2791 3423 870 2637 2480 3918 2524 1891 430 471 384 1734 785 2708 3025 3691 3919 2806 
481 58 162 377 3394 940 1694 887 287 3525 3574 2633 212 2457 182 2949 1810 1577 1336 1665 1515 3703 1186 4090 3480 325 116 1729 3018 3217 2174 958 3008 771 3405 2491 4076 1441 2622 2820 21 327 4066 3911 3171 1596 3887 2652 70 3604 904 1684 1325 2271 1302 807 1926 3444 3387 2582 3448 580 2504 587 
1668 3102 3130 1797 22 2917 3009 427 3263 3276 2132 1951 1305 1769 1845 2768 725 2759 2606 1496 402 2363 3681 3520 792 608 1822 2459 1272 3678 1754 1986 2018 2365 2162 3115 3647 896 2036 665 2477 4031 91 3277 3037 3847 2865 3760 3599 1113 612 509 2694 85 1639 3042 1555 3328 1624 1910 1202 880 2850 3797 
3345 3584 1143 2980 999 714 2055 3889 3896 605 3067 1002 140 3071 1617 1188 280 770 3630 3679 3819 2166 3199 371 2197 918 429 399 1443 618 1792 2703 4044 294 3168 3665 1861 847 1529 2362 1027 1283 697 450 750 843 426 2958 1859 3854 3270 1607 1058 3798 241 2855 2560 3092 3870 2894 1390 579 457 3310 
1351 2647 2797 2398 1933 2126 2512 3086 2323 1393 2645 2161 3740 536 349 3070 3857 3965 3947 2022 3001 1984 3957 3304 2887 1478 3519 4075 1194 3624 4089 1961 2923 4042 2007 3884 168 563 2699 3418 1459 3229 2583 3794 3385 1878 4026 1766 237 818 1895 1197 3917 2408 1440 1631 2957 3268 3928 1860 1337 2519 760 3945 
627 1061 3876 3245 1533 3560 4083 3773 3699 493 3065 2327 2892 2897 1996 1905 1396 1434 2757 3043 87 3551 2146 1687 3655 3295 2506 1487 3103 2338 1168 2066 2720 1985 1900 2993 291 3246 2653 1575 2550 79 2102 2875 43 2372 336 2349 1826 3535 2325 967 1364 3113 990 2337 1311 1615 2830 667 3766 2628 292 1983 
3670 3170 2017 602 3811 2053 2309 1491 1844 2913 306 1304 3916 1068 449 1085 1128 3398 718 2275 2845 1552 3109 251 2482 3196 2405 1888 1420 1870 2295 456 738 3073 3595 973 938 3137 1511 3702 678 2771 2859 1151 59 2314 1218 3718 2205 1328 448 3636 1516 3623 2075 542 852 3044 3505 47 2861 1412 2125 970 
186 1461 927 3412 763 543 1109 3134 1327 3323 221 2226 3834 3138 3182 4054 2333 3867 3195 3305 3972 846 2091 736 2435 328 3639 2989 1853 2039 3481 2995 988 515 2489 2296 2056 2488 1410 1736 1738 3741 302 2359 3464 636 2164 3274 898 2213 3303 3727 3308 756 2312 1902 659 51 1240 2641 1901 872 3749 326 
1732 2774 3552 1920 3864 837 1077 3985 1640 1659 3265 36 445 2454 2015 533 1321 2008 1219 169 3597 2130 922 2247 178 3041 3183 3346 3855 978 1103 3697 1087 1656 2439 1944 2525 3825 395 2627 3872 2673 3944 2068 3808 120 2747 2803 2029 1569 2926 15 261 2650 2225 745 1221 3006 805 1294 52 138 3380 346 
3997 695 3406 4024 662 3978 1592 3155 337 649 45 502 495 393 3701 1166 1638 1060 503 2999 139 1823 4094 2085 3329 458 4079 2030 271 2710 2927 1456 1122 2691 1310 512 2698 398 1600 2034 928 3436 4082 3159 652 2555 977 2332 3986 3456 2200 3350 3127 2251 3185 3927 1498 669 4078 913 2514 239 2931 2701 
1699 3912 2322 2402 3565 1779 1772 3116 88 3640 2160 3976 710 601 534 1670 134 3283 1528 3326 466 2572 2473 69 2960 3730 1481 3494 2424 4032 3734 1048 3053 3939 1241 149 2624 3897 2862 1917 3725 2269 2070 2749 2813 2025 2536 3710 379 596 3151 288 3234 416 2343 3796 2580 3147 2810 1253 3953 1677 3148 250 
501 4056 689 1761 1587 2238 3898 3288 30 1378 2678 2156 311 2 3421 2214 674 2793 469 975 300 3607 881 1603 3712 1449 735 394 279 3544 2464 3846 1207 2738 3287 3484 900 2498 3913 2311 1691 1584 3936 3474 2646 620 1169 1433 2474 2575 3783 3874 1403 2062 1448 3540 3958 1894 1943 777 244 2959 3689 574 
167 2375 2382 1381 2421 2896 914 2310 323 1570 1997 465 3835 3236 484 404 1185 331 1063 615 2047 3586 99 2882 1117 3707 2470 755 2986 2170 2938 491 947 1361 835 1451 644 278 4095 657 1708 1388 3150 1524 4005 3548 1880 658 2151 2602 2886 3575 2208 3424 2707 791 100 1623 1749 743 1733 1540 3566 2663 
4035 2379 3251 3974 3564 1932 2976 1934 4060 2336 2748 1473 2399 3467 3370 3533 3915 7 3866 2201 1252 121 1858 1362 2522 626 3152 3683 3000 2668 1111 110 308 1368 1573 1308 1317 1812 3815 3937 1114 882 3219 3212 1210 915 2356 1285 949 871 3763 106 2321 2223 3982 2615 2834 97 3224 3046 3414 3545 3191 3664 
1426 2724 3737 3488 1025 2947 2517 1945 3233 1303 1127 3476 836 2387 510 2762 1750 253 3454 2620 1176 3644 700 3844 1897 1667 489 2551 2598 2438 295 1343 4004 1787 2184 2109 3316 1163 2202 322 699 3669 2260 925 217 3375 1664 1760 2409 2523 2144 2934 1591 3209 1683 3588 3865 1866 1086 2318 3264 2871 1055 1066 
1969 569 1770 1721 1903 3692 3471 577 1216 2422 428 842 650 2210 1879 984 3162 1940 1711 2360 816 3132 4067 3504 726 3149 3178 1768 467 4039 2150 1834 3 3700 3357 3516 4012 129 206 1644 3662 3578 2063 1767 1780 409 3334 684 3058 3066 135 1475 2178 156 1595 211 3981 654 2033 3914 3369 499 2817 2507 
3330 494 1949 2916 1852 774 3693 3311 1084 2469 2211 1715 2475 3542 1998 821 3259 1314 3962 2692 3445 507 3966 3072 3698 3404 954 3705 3258 2634 1581 590 3720 780 3907 2723 2423 3108 3429 1203 4030 671 2430 1547 3788 728 1693 2785 2427 1160 1953 2684 3668 1017 2453 3786 1411 3714 2994 869 2413 3837 802 2082 
