2179 1356 3237 692 2722 3698 2207 1743 3591 1906 1240 2801 1949 3283 3858 191 3188 219 1570 882 1969 1446 3156 294 4062 928 486 3441 2800 2902 3909 3656 856 598 3601 1500 3619 1998 2562 343 635 2544 2097 2039 333 1598 89 2367 3021 1920 2368 271 478 3713 3360 3008 1913 383 3529 2676 450 678 2044 2795 
1994 1534 491 2000 2302 3272 3558 2094 2631 808 2883 1085 672 3828 662 429 1226 3872 1639 1739 2877 495 228 2684 3827 2762 2185 1962 1831 3762 3256 1150 1018 658 3450 2707 3624 452 2091 3357 2606 391 3714 3589 1961 35 2177 3986 2464 2235 801 2789 3752 3449 1312 1398 1618 376 3125 194 1872 3857 669 624 
3054 358 4058 1697 3275 426 1780 534 1057 3675 1484 97 1302 700 279 34 3251 1966 2276 3416 445 2113 539 207 2117 1392 3271 949 1670 3223 2538 2535 1194 1971 421 3704 2008 3586 3178 3118 3137 2477 1265 3509 733 3035 3515 3368 1207 1270 642 2882 705 438 233 5 2643 1256 1179 3794 298 3806 1055 1335 
2154 3837 2710 1973 3545 3152 2639 1159 3143 291 2483 2210 1967 1186 757 3216 1695 2727 2927 1467 2566 1977 4068 2414 149 3825 1020 500 3767 309 115 3700 648 2537 3964 3254 3785 1885 3027 3931 317 2602 1584 2849 1459 2514 3502 3274 3429 1277 3288 2550 1566 399 3722 3587 434 968 3337 865 1099 2494 3126 217 
763 2941 3196 1737 1105 1675 2355 2230 2753 2431 2324 3060 1448 2172 832 1976 215 2275 2594 1378 3246 1481 1219 4061 724 2432 1802 3602 3175 1905 3131 1908 2373 3252 1606 520 2987 895 620 1109 2636 1671 879 707 2018 966 3382 1861 3163 993 3519 1311 3078 3433 3709 1300 95 1686 609 3343 2328 3829 2128 1187 
282 3436 2236 1822 385 504 2761 2559 3526 731 905 3807 224 2045 3098 2589 3347 2998 1474 4051 2853 2342 2979 3177 3194 1287 2509 2252 3671 200 2984 1568 3042 2533 2827 1896 2770 2931 1426 3405 1255 646 2728 3757 182 1576 3830 184 1367 2697 1827 22 2952 4084 1366 336 742 1789 827 3353 2075 3259 374 1824 
2372 1766 3754 476 2205 1337 1342 3687 1216 2010 651 300 1035 3578 2854 3603 1011 889 807 2171 203 3410 1909 3998 1713 4023 1623 3984 532 3710 253 2221 2530 1296 945 1793 3448 318 81 4046 3090 916 1740 2748 4013 1213 3425 3963 249 2718 2959 150 2889 3420 761 2500 2031 3689 2604 2203 3803 165 3 3609 
3805 3992 3991 3781 285 1030 3162 1582 2633 2269 3434 1624 3669 1369 2964 1156 2591 2403 2843 566 183 1771 3104 1278 145 3720 1729 547 2716 3724 2034 611 74 965 970 842 560 11 2006 329 41 2147 939 3117 2076 834 1415 1465 2413 703 3888 934 1621 1830 2615 2784 4093 404 201 2757 3944 3207 2131 2943 
3844 1118 1736 2086 1873 693 114 1700 1042 4066 888 1634 328 2680 396 1139 3989 3349 1657 1041 1860 273 1571 1189 270 929 1948 3095 3798 3979 2700 1853 2461 3075 1955 2915 515 185 3682 1647 587 3962 54 2450 2060 3147 854 2485 3092 2317 64 433 1719 1416 2788 1410 1772 3715 1800 2466 862 1376 2284 3475 
3355 1538 1749 223 2351 3841 1704 3523 3389 796 2239 3365 2668 1052 1668 2422 2426 278 3654 1091 2916 2264 1513 1596 2256 3881 276 1249 3219 3583 443 1080 1991 1505 1626 2682 2573 2546 1867 1523 675 1813 562 3641 4047 943 1182 2146 3296 1127 3799 3184 2804 3146 1620 3240 2703 2825 1968 3976 1174 2288 802 4022 
3236 3174 3306 2664 586 530 1734 3082 2521 1371 2624 2950 463 2458 1919 1143 1122 1290 42 3987 855 3381 3403 775 3951 531 3031 1097 70 2343 869 3604 3659 2592 2394 600 3391 1135 3869 1411 3352 2055 3362 3040 710 1985 3191 553 1160 3505 2708 3447 1134 2260 98 3628 1654 1893 2032 558 3108 4079 2894 3684 
1532 1464 1137 4082 398 1383 1850 2860 277 1107 1548 525 1580 2837 1431 1987 1604 2758 764 9 3260 2503 653 1180 2786 2794 1346 2534 2223 1692 2401 2568 4026 2651 314 1574 3611 3555 3474 1108 280 1297 3201 1716 2936 3521 1078 1553 1429 2127 2155 2921 1490 3333 331 84 4017 3049 218 316 1361 3534 1409 1316 
435 1751 1957 2108 2698 607 83 955 167 3862 2824 489 2237 3486 1581 2474 1001 2138 1271 623 3023 3926 3517 2410 2603 1595 3922 1714 33 326 967 1783 1210 507 2304 1747 3277 1432 3693 868 2273 1930 1629 1558 1600 831 137 908 2726 887 1922 792 116 2363 3235 3072 2977 263 3304 3848 3019 3266 1787 1403 
246 3617 170 2015 2188 680 1778 536 709 2003 487 3954 3097 2922 3495 2022 1845 691 2059 1031 3370 568 2434 951 2692 1833 2510 1756 2143 428 758 2475 753 1188 2447 2290 1090 1418 1792 3514 2617 1395 1345 1451 2667 3701 213 1710 779 53 3959 1770 3776 3293 502 3067 2424 1514 3739 3130 3029 2540 1387 2490 
1846 1503 545 2440 3787 2528 1363 1726 3735 1102 1144 1306 366 3879 2779 192 1784 1886 230 3880 2709 3549 3575 726 1510 1449 2037 1059 2575 2846 2019 2497 481 394 1101 1537 806 835 1065 488 3598 1708 2578 3711 1960 63 3935 3731 1220 1228 323 569 1370 1462 494 3334 1140 4083 773 3069 3074 3833 3195 1979 
1293 2711 1404 3801 2845 2526 3627 2158 1212 585 23 2551 510 289 795 3225 2214 449 3169 2240 2345 2745 1883 3677 1589 1442 2292 2141 735 1788 2570 2245 211 805 4067 2204 3028 2973 3212 3056 2380 2058 904 3975 1034 117 2454 3265 1362 2515 1858 2313 77 3561 1611 983 1900 1471 599 2597 665 400 1103 4024 
922 3973 3127 3276 975 2598 850 232 2362 1653 2241 4028 3556 950 3321 1887 2832 3588 3464 2847 350 2744 4018 1327 1338 2732 3428 2932 264 974 4049 455 2420 1268 2206 984 788 1146 3322 676 3476 3507 4052 914 176 2982 2957 1082 375 2925 1557 2661 3241 1280 496 1951 3346 362 1717 3547 3643 3311 1088 1234 
388 190 1509 4038 713 3782 1349 1744 634 2163 173 1731 661 3165 2685 3957 3516 2257 143 629 425 1021 225 3548 1542 1809 447 1941 3166 1760 3642 47 1978 1859 3527 3941 3960 1593 1114 526 1257 3673 3377 2046 2258 1989 3468 3773 1445 3316 4036 3186 120 899 2035 2508 1602 1324 3846 3482 2248 4088 1120 870 
1386 2590 372 12 1876 3387 3967 2649 3336 1874 2357 287 3528 936 1964 3226 2740 628 1 3446 2023 2536 2527 3631 3099 1842 1469 3758 2069 2996 521 616 3592 3797 3918 360 3330 2011 2539 2956 907 4077 3183 2331 2153 3789 2270 3831 997 458 412 652 2211 2937 2463 1424 1612 1504 2613 2421 2427 3431 3461 1666 
1898 2436 2291 1130 311 3836 1832 1056 2111 590 1399 1625 3965 987 1170 418 1691 2618 2078 2621 505 1648 2623 2219 2833 3860 2104 3508 3044 3562 782 3925 511 3734 3678 2467 920 3559 3732 2307 2881 3749 78 85 3359 409 3451 1298 2299 3229 3487 3793 1419 92 3535 315 4 1975 633 1374 1794 2737 401 1862 
3477 2308 2375 512 1615 122 1141 979 2099 2678 370 3751 4032 2628 3155 1721 1264 2736 3746 1303 3384 1355 320 3897 2939 2406 1637 2600 2622 2724 1131 3952 1259 37 3636 3245 2028 1819 861 3133 1518 3015 2198 3958 668 756 2254 2812 3569 1741 473 24 4006 4085 915 999 754 1806 1283 2246 44 1344 202 1024 
2457 39 3064 2772 911 2826 2315 644 2041 86 650 762 1877 3284 2231 3490 1125 2619 1284 1564 2828 1353 3234 737 2296 3193 938 1250 2760 2524 16 3620 752 3164 2719 3132 87 2381 3179 3716 3821 1512 4011 944 3094 1579 461 2267 930 402 432 3842 3506 1238 3003 2164 3623 373 245 3116 1685 3295 2721 356 
995 3158 1201 2691 3728 2004 3063 864 3878 342 229 910 2579 2120 2473 2969 1447 2222 3567 894 19 3300 1359 3530 4039 2353 1014 3582 2383 683 4065 2949 3096 1372 1869 2341 632 770 2611 749 4069 1646 3770 2660 3494 1541 1524 3439 4053 1000 3933 416 2641 655 606 3557 3440 2553 2545 825 2233 3066 3859 2885 
3339 3047 3727 56 2074 3615 1630 2174 292 3940 1594 817 2759 1753 1959 2809 3455 274 2408 79 283 2215 338 2904 3367 2050 3232 1195 694 15 1854 2002 3039 148 580 3460 1903 2543 3572 2476 1750 1689 789 2968 2183 306 1364 902 1519 1098 4078 704 474 465 2518 151 3159 2980 3328 1986 3740 1521 3220 364 
1939 2640 2469 3443 2895 2792 2835 503 181 1104 1248 3796 3217 2694 2102 1237 3006 477 1656 2793 2525 1520 90 3180 1841 1715 3646 3708 2212 1773 933 3763 3189 1722 1633 2137 2071 1282 1450 1452 1902 3041 3314 3485 3046 2810 3402 990 3886 1069 105 3823 2232 1126 3660 3911 1636 2675 542 1177 3667 1408 4035 706 
3395 2061 472 1375 3052 1276 259 4031 2105 1325 1269 2107 121 937 821 2642 1768 3891 1336 345 3600 912 2012 1878 941 423 886 932 2705 2811 3755 1093 978 866 479 689 205 2688 2181 660 2610 30 57 2255 3802 442 2666 3278 891 332 2655 1260 3369 4090 881 540 1382 535 3114 2557 2318 3536 2822 1829 
554 1185 1718 1013 3472 1745 2287 3024 1990 2190 1354 3264 903 1414 2033 4016 2554 1894 1485 3696 698 2838 2582 3140 378 787 1119 696 3294 3819 490 1151 3182 2930 3190 1110 2162 3565 2654 3087 1352 923 2888 1241 849 46 3077 2637 2295 2948 722 2696 3171 1074 109 3712 254 2025 695 1373 947 3452 3614 3814 
1525 1958 2 1936 3629 1236 2089 2870 2933 2577 1423 2855 3470 685 382 573 1707 1889 2156 2690 3511 96 359 2965 3497 3457 1683 3908 1165 3473 1166 1725 2502 3145 1215 3110 3864 1147 2609 2392 2599 1113 845 324 2385 1767 738 440 2686 1152 1681 144 2358 1785 3286 826 3634 3662 1699 2428 785 1339 2084 3610 
883 2695 3128 1943 3007 3050 62 3812 1012 2507 353 3338 1614 1836 3268 247 2250 1517 4086 1597 3658 3887 3051 3525 2872 2453 153 2797 1575 3501 368 1601 1810 284 1769 1550 2280 577 637 208 1334 1798 139 1616 1472 1672 3073 1984 528 2057 940 2196 1266 94 813 3085 519 349 3280 529 2750 3454 1658 1205 
3765 1577 1882 522 456 3788 36 199 3867 2038 818 3018 2168 931 3327 2944 3824 1815 2227 407 1329 2479 1907 1060 3882 1928 4037 3980 3340 2817 4091 4027 3026 596 2081 913 3822 3388 3800 2858 3230 575 3905 3426 2361 2393 852 988 2856 3320 2991 767 4041 1742 797 1320 2886 2976 3030 2140 991 1493 3542 258 
699 717 2228 712 2529 2802 1586 462 3282 3313 2356 3136 3816 1077 66 152 321 1314 958 131 774 824 523 3969 2344 760 2780 1917 3539 2048 3032 348 1650 3894 227 3725 68 48 2486 1072 1495 750 250 1746 1982 1473 1491 1401 1940 1054 2818 482 1892 1071 2848 1340 2371 3885 1307 1696 2096 3462 3038 2914 
3238 1995 3010 3111 1294 4054 1482 3285 1461 3898 3899 3644 2522 103 1924 1138 670 867 3672 1539 2370 325 3407 212 2178 684 3977 2908 2115 748 2504 1849 310 118 3483 410 1820 3424 2066 1591 3994 75 2472 313 2829 2681 3928 1427 1522 3466 909 1421 688 2056 2359 1947 162 3978 2909 4015 3706 2225 2731 3540 
794 3990 3292 2787 2738 615 2265 1546 3863 58 1730 2242 2054 2470 1632 3544 1381 2576 4029 1797 3297 4057 422 1244 3361 3510 2871 2238 1043 1229 1590 3318 1010 470 1759 72 509 3584 765 3093 3392 2972 2583 3161 1897 1116 4076 2262 3378 2456 1197 3043 3906 2404 3865 3691 714 444 3142 2648 1679 501 3936 3651 
297 3971 2425 4008 1587 3157 840 1128 380 1358 1053 2005 2193 2300 3243 3307 3759 2243 4073 2926 791 2953 1455 2734 136 4040 2027 3409 2390 2021 1161 3817 527 645 3995 2303 2180 2409 1617 210 2657 1033 2911 3972 3866 1506 702 2625 2924 2374 2671 1573 286 2330 4048 1051 3022 2595 3291 572 3702 52 2653 1811 
3907 337 123 2152 1733 1552 304 551 322 1406 195 369 664 2388 1289 1436 697 1050 1791 1758 29 1935 3942 1202 1661 1121 2990 2114 3893 814 1304 1049 2283 1393 2720 3538 1572 2062 1217 1804 1489 3154 480 1402 464 766 1023 129 1645 2677 614 681 1599 2971 2170 2766 3839 363 1094 3411 3648 3750 1569 4030 
239 158 858 305 2501 3676 3199 2587 3253 2109 2134 3718 446 2729 1235 2892 2202 1230 549 1155 93 4089 3581 414 747 1588 346 2918 2082 2588 3930 1181 927 4060 133 3737 1112 1888 1323 954 3025 2049 2574 2970 2352 641 1083 906 3968 1476 1807 1163 3076 302 3205 88 2213 146 3915 367 1687 3481 1799 2586 
2549 1441 1879 2145 640 1365 209 3404 484 2650 4050 2040 3149 3608 3363 2638 3792 1871 1019 3902 1435 3923 1145 857 2814 687 2733 497 2552 2850 1124 365 3551 361 1875 739 3037 3985 2893 2644 1603 2834 2876 3778 740 1322 1690 3499 2669 2217 2961 3854 3192 2967 3520 1840 1214 2491 3437 2635 3719 2741 2547 2919 
2614 102 848 772 925 594 2200 255 3730 2917 2468 571 1330 1191 2433 3626 2435 2842 3376 819 3664 2799 3430 1628 3091 556 1039 3385 1880 424 3554 2124 2717 3729 1808 142 3107 3873 618 3826 1567 1168 3795 3695 1017 2481 601 962 1855 327 2683 1549 2423 175 960 2065 809 2532 2397 3203 1619 163 4081 3512 
682 2662 576 963 863 2384 110 2561 3663 2438 1775 3213 43 1221 3498 1803 1608 1129 657 2088 2791 3068 1673 4020 2279 2542 1983 2687 2955 3062 810 839 584 1543 1494 2805 1511 3435 2395 1317 581 2844 1002 2347 1825 3655 2132 147 2443 260 3900 3101 1781 3904 3281 1561 3299 725 3016 408 168 1242 3374 2416 
3889 3390 1662 1252 2415 50 2997 3273 829 2405 1507 1701 1963 972 2365 2412 1400 2261 1533 3317 2314 2478 2184 59 2437 40 3100 1480 386 1863 3595 1891 4087 583 2195 485 1776 2042 351 595 3674 3815 3412 411 3895 3124 441 2402 666 1420 1578 2488 1254 377 1910 1223 3818 3478 2387 1016 2806 2316 2782 1727 
135 2645 1613 2026 2868 2176 3231 732 1003 2906 2123 1301 1838 3851 3564 3579 3034 469 112 290 2992 174 2958 3721 2271 1676 2601 921 437 2157 448 2247 3489 759 406 3406 2665 841 4064 65 686 2259 2350 1036 3341 3458 597 3934 3753 189 1153 2531 308 1275 3847 2555 2569 2616 244 1528 1709 2209 1154 843 
355 2386 2763 1157 1175 719 2983 4042 3780 723 619 721 2349 186 2251 3248 340 1164 216 2312 2907 1067 1635 2506 1911 565 164 3808 3453 3214 1315 1084 2564 985 2166 160 755 3929 3289 339 307 2702 2659 2839 3459 2186 187 3456 3552 2773 4094 3373 2986 293 3172 4075 3305 2332 822 2852 1563 3080 2567 3970 
3855 71 4001 3843 2218 2608 2119 2679 413 3419 918 2135 3563 2451 1912 2630 3786 3308 2399 25 1167 1559 2658 2379 3112 471 3102 4005 730 4059 582 2297 961 330 1814 3570 2446 980 1434 3650 3999 2769 3324 1592 2325 2674 3263 3901 2960 2340 3932 132 2093 2398 3421 996 2129 2301 793 3742 3001 3924 579 3861 
1209 384 2993 1233 1092 3580 1037 2492 3423 2571 1380 1779 4033 2020 334 2017 76 3371 2417 1997 3637 946 2821 3250 1501 1516 605 1087 3966 475 3233 198 800 272 1782 1585 2201 2632 1844 1433 2978 589 1938 3590 2266 2899 2319 1232 2462 3059 981 1724 3756 610 626 3961 1483 2487 1847 3079 2841 1224 3993 3813 
3875 621 2831 3444 2558 1496 1703 4014 1389 2471 3394 206 3955 1200 138 3593 1222 281 1038 2489 956 3356 2030 4021 812 1396 1954 2073 128 1173 663 1397 2790 2310 2053 3849 1848 2098 1643 2336 2947 3577 2541 2905 948 1555 2460 2966 3206 2382 1904 1680 8 1823 2192 1926 3791 295 3661 561 3105 851 1732 1357 
1682 417 1061 420 2496 1631 347 166 1454 2742 3269 3239 836 2327 2898 3170 1350 1309 3224 622 3550 419 715 27 101 3332 1319 1937 1478 1351 1444 3779 303 559 897 557 3665 99 1642 846 1884 3868 2101 2100 1545 543 3442 2612 3726 3488 106 919 3834 2560 1263 1774 4055 2187 1027 1253 1627 2765 2268 3680 
3257 3258 992 728 2306 2142 1933 1045 546 4012 226 3943 1560 820 1952 2480 1466 649 2836 3198 2234 3618 3948 1826 1199 769 630 3383 2869 3151 1405 506 1047 538 3649 262 1225 3221 2077 1705 1915 100 3546 3605 2864 3204 2767 381 1562 3690 625 4019 3150 49 2706 3697 3055 124 3921 1243 1655 2884 1407 2670 
4034 2873 1531 2739 4070 833 3242 2890 2701 593 3692 2130 874 3415 2548 2364 3208 180 3919 3396 1763 1015 466 26 3852 45 2647 1711 971 2110 14 111 1486 32 1664 2326 252 3427 2781 3764 1040 3892 1765 179 3009 31 1162 4074 125 454 4043 524 1651 3144 2449 3372 3705 2874 2820 3738 803 3947 3120 3139 
1075 1665 1921 3630 3761 2798 3493 1136 3679 674 2859 3480 1735 1816 169 4071 2520 2083 3983 1777 155 299 3607 2747 578 1133 1944 3279 3621 268 603 1677 1267 2396 647 177 2334 2620 2940 3084 3141 2830 2512 1347 1291 3537 2305 3937 1851 2596 3303 2751 3479 3845 1032 2378 2945 2106 746 1425 828 2813 3065 3004 
1865 1025 2125 1916 3638 718 2712 1239 627 275 3531 2165 1720 608 2377 876 1502 156 3209 3560 3048 3123 405 3876 2001 1321 1169 2752 872 3877 3244 4009 2029 1062 3045 397 1605 2067 1008 3741 784 2216 2197 3432 1857 3850 1274 2087 1295 403 885 1527 393 2785 3997 1148 1678 1377 1430 2840 2220 2090 3000 335 
1927 3707 1712 2430 269 3771 790 2519 533 2565 3310 3723 288 2016 3949 3335 172 2652 2278 2455 659 741 1674 2121 222 221 3463 3033 1801 3113 1764 1754 2878 1970 3747 3287 4063 2366 312 1988 3122 1834 1046 3211 3982 3666 2482 3081 2136 2994 1190 1096 3380 3496 837 859 2175 643 1463 296 3896 238 3599 2715 
3946 2339 4003 2768 2199 2043 2663 3393 55 1610 161 2693 4044 617 2322 1247 3323 3809 243 2036 2777 2400 3810 1638 498 1868 3681 2369 3874 786 2085 1412 3685 884 2946 3953 745 2112 1866 1123 1178 1149 431 17 2103 2249 1204 1310 3820 799 3612 1965 1251 2749 2499 544 3688 2013 3351 468 1492 2208 1479 1171 
1644 516 1206 2452 1821 1048 2999 2963 1761 3938 778 613 3083 2516 3945 390 1115 2776 2194 3017 2072 3981 1076 1702 3354 1468 1475 1443 4095 2900 1460 3920 3445 2282 3683 3103 2920 2634 140 3518 2323 3342 467 2861 3568 3215 1698 777 2954 2281 3736 3633 1089 574 734 1477 2411 2274 2389 1095 415 1755 2774 3413 
1391 459 517 3061 3606 3249 1343 1348 2517 1693 3533 977 518 2294 1394 2988 4025 4080 935 1992 2445 4056 2823 552 1272 1723 20 3553 1158 3138 4010 1100 638 483 2442 1183 2746 1795 2068 844 1899 901 3197 3769 3532 2951 1640 2439 3115 3210 1079 513 771 3202 2756 10 3400 1565 1058 3594 3988 1659 2014 2309 
3086 261 989 1706 3832 3005 604 3913 2580 1652 667 1029 816 2346 3500 3168 690 3408 2052 3270 1172 387 2335 3109 1028 592 1996 6 2699 1439 3325 3020 1285 2672 3884 3417 2333 301 1086 1728 1281 1547 3522 2080 3358 3119 3070 1923 2775 3974 236 1198 3345 1022 2912 1081 2875 3401 1299 1945 744 3717 1066 1972 
2126 389 2226 4045 917 493 3910 1026 636 3657 1106 214 823 2337 235 1583 21 3883 204 2092 716 2985 1535 1856 1551 3686 3013 3870 537 1817 2429 1870 2714 266 2418 1901 2139 871 3670 1931 430 1379 3838 3743 612 3121 1231 890 3262 3571 2771 3766 1470 2572 2981 3914 1752 3173 2556 2857 727 2989 2897 952 
1738 354 780 1942 2995 3804 3227 341 1246 1786 942 2354 1413 196 1641 2866 679 1530 3375 2441 1326 3917 3329 982 82 875 853 1757 2584 900 2656 677 3622 2723 2511 1669 2505 3856 2865 1762 2783 2009 1070 1422 1007 3745 1196 811 2149 896 2348 3181 2160 3167 2173 2673 998 1341 1796 838 3890 1132 1044 3635 
1667 1694 1526 1956 969 220 1004 3699 1488 3733 2079 2286 237 3790 2646 1305 2974 3492 1487 3645 4002 3853 873 708 1292 1540 3002 3504 2819 563 3950 457 1009 2051 3566 3089 3364 2360 2169 2689 2910 3088 2942 3344 3585 3916 711 1063 957 3153 729 2928 1622 1453 2095 1111 1227 1499 3187 1005 73 2867 453 1684 
877 3871 2901 1332 2419 3640 1261 2024 508 67 514 776 3465 1288 654 38 1006 2118 157 3574 256 3290 2605 2743 2513 436 451 3398 3768 847 3775 1385 1812 2320 2816 2064 880 3309 3397 3106 1384 591 3840 2159 492 602 2289 555 898 3632 1852 1993 108 91 193 1417 639 1245 1934 4000 3176 1688 3350 1497 
3422 2495 3703 2730 3467 3484 2484 2047 1318 2923 2962 3748 1262 267 781 1607 751 2444 986 2627 357 2929 973 798 2189 3319 743 107 1438 2879 240 3348 1068 1556 2263 3835 3135 4007 1818 3185 3057 2465 113 2150 2191 3927 1390 1184 631 2764 379 2182 860 3418 1536 1458 1748 550 2903 3386 1974 1950 7 1508 
371 2880 352 499 3134 2704 3956 154 104 1440 1428 2755 119 3302 1895 2161 1946 427 878 3647 3298 2896 1881 1457 3783 3774 3438 1953 18 127 3014 3261 2293 1999 2151 2563 2285 2253 60 2070 2593 2063 2148 3760 2887 2862 1176 1328 3784 2459 701 1279 994 3331 1192 3312 2338 768 3247 2585 2913 2498 439 2167 
2298 3744 395 3058 924 141 188 1609 671 241 3036 1117 2815 3148 1932 2803 953 2391 126 1073 3596 2272 3772 1914 892 4004 1925 2934 2581 736 541 3053 1890 3301 3379 1142 251 2224 1544 2935 3503 548 61 815 1218 570 392 2122 1929 2754 1835 830 2808 3668 3639 1313 3903 242 3012 2493 265 3543 2713 1498 
3625 3414 1258 2735 2407 2116 2007 804 3129 2851 178 3653 257 1193 1273 3399 1360 4072 2244 69 3071 3576 1805 3597 2144 1437 51 2329 976 1064 1529 3939 1286 964 2523 1864 1828 893 1790 3616 1368 1308 3471 80 3011 13 3513 3912 28 2796 2725 656 3228 720 2376 3267 2229 3315 1456 2607 3255 3652 3694 3366 
1333 4092 130 2277 588 1515 460 3573 134 2938 1837 344 1660 3524 234 3613 2863 2778 1211 564 171 2975 1208 2629 3160 2626 3326 959 197 2807 2311 3200 1918 319 3222 159 1980 2891 248 2448 3469 1663 1981 1203 2133 1839 1331 1649 3811 783 3996 1554 1843 673 2321 231 3491 926 4096 3218 567 3777 3541 1388 
