228 189 138 137 30 209 89 112 120 61 129 139 12 78 75 184 
241 105 116 29 95 163 19 57 10 70 104 203 79 85 52 88 
5 127 221 113 230 234 159 191 198 245 16 217 64 2 24 256 
18 84 242 144 83 197 192 195 54 32 182 204 40 77 178 108 
51 44 60 21 167 247 118 172 202 158 82 3 97 63 119 220 
35 6 227 11 28 222 56 253 128 151 101 226 200 38 218 188 
86 196 173 143 25 94 251 179 66 59 4 244 135 34 55 186 
205 223 216 146 233 183 50 168 243 8 111 136 132 121 39 96 
31 76 68 254 193 176 160 115 224 164 14 149 107 170 122 148 
72 42 214 199 62 213 87 147 174 181 248 47 238 67 93 49 
109 161 250 69 154 215 208 17 98 41 140 175 206 125 134 103 
252 33 65 212 106 58 201 7 229 166 20 207 145 185 71 240 
13 255 225 150 27 53 114 74 236 239 235 23 133 177 92 123 
210 126 194 90 43 157 1 190 15 156 99 153 91 22 155 141 
117 45 231 232 211 237 131 124 37 246 169 180 171 80 46 102 
48 110 130 187 219 142 165 81 152 162 249 100 9 36 26 73 
