1009 503 933 332 126 19 317 882 684 734 502 375 838 597 34 1018 328 198 804 499 69 406 322 366 401 7 36 694 12 325 641 950 
445 527 677 382 914 716 18 387 605 477 21 558 250 880 420 607 988 864 810 268 981 925 471 197 634 811 788 895 966 70 993 242 
51 868 46 315 696 884 339 435 952 451 341 253 333 319 555 902 751 87 711 388 836 610 800 320 916 679 542 122 595 705 83 762 
17 355 654 452 299 553 873 79 185 22 770 403 965 801 929 531 975 495 219 298 698 892 517 55 259 613 286 237 673 143 791 3 
44 692 814 103 372 721 342 727 1000 385 50 956 132 390 163 314 614 1013 874 92 370 806 608 89 879 859 224 206 412 752 978 465 
636 330 1 308 374 938 73 352 971 510 572 494 564 615 476 887 153 582 371 593 170 594 549 195 995 627 583 155 236 416 787 243 
232 282 179 674 80 779 689 991 624 669 935 397 911 717 159 735 462 288 687 35 106 939 468 364 446 1012 115 601 363 658 570 84 
631 789 124 379 792 783 621 551 172 507 112 429 592 196 561 98 977 467 192 426 67 506 630 1010 835 642 216 968 117 984 279 421 
622 574 292 712 1024 251 888 492 703 142 357 890 972 186 139 815 275 948 167 418 223 632 523 741 853 120 773 171 706 536 297 872 
819 487 663 111 544 260 110 427 58 119 781 419 628 841 174 959 512 184 266 284 833 909 898 940 66 425 480 458 825 526 169 932 
396 768 970 566 116 482 635 845 135 97 316 837 985 233 369 65 481 827 327 599 650 408 304 917 405 456 436 470 941 723 203 805 
889 1001 660 786 430 681 190 312 156 215 671 934 612 862 283 926 496 552 459 693 755 37 176 442 982 386 77 33 137 1023 565 256 
919 154 640 878 843 645 514 261 189 685 161 973 324 121 756 954 729 202 146 489 278 42 881 678 157 289 589 590 2 643 665 559 
239 49 943 1004 247 516 963 690 53 803 667 138 326 967 851 94 400 383 831 820 93 560 609 955 30 913 113 602 484 867 1005 949 
472 764 548 1019 235 924 8 140 274 535 335 48 9 600 876 450 795 865 440 351 272 173 461 1020 213 347 547 354 301 331 411 11 
562 666 217 799 491 220 181 761 245 509 908 731 534 576 376 473 225 957 378 265 306 263 150 391 713 772 380 151 152 443 1007 974 
625 52 1016 668 682 63 830 897 928 229 793 907 529 321 409 737 81 200 760 533 71 662 620 188 270 1014 99 725 359 771 728 730 
136 13 413 313 305 579 158 460 524 166 861 904 311 227 656 182 222 454 432 661 205 75 101 85 218 521 736 47 72 697 488 28 
428 860 740 520 511 742 937 145 302 578 900 329 774 32 61 303 128 131 105 26 102 823 808 501 479 40 657 541 114 766 763 738 
271 753 353 108 885 744 905 702 444 497 922 653 739 691 714 125 424 518 389 162 846 617 264 927 525 626 255 777 543 96 618 840 
877 611 936 280 587 134 384 438 399 62 147 439 358 655 906 809 410 581 307 672 797 796 38 856 824 863 844 407 144 998 6 248 
343 240 453 164 350 449 953 757 709 498 538 356 24 178 20 604 1002 1006 852 433 532 254 199 466 813 958 349 68 277 989 710 1003 
417 575 10 262 293 778 340 129 392 209 676 996 88 457 637 923 912 901 160 337 485 724 1017 504 338 528 474 848 175 441 107 475 
983 377 639 858 60 141 816 201 214 918 871 402 794 168 598 345 699 434 361 228 606 91 775 920 826 802 241 849 746 56 133 563 
1008 437 990 95 647 568 165 127 246 1011 395 183 515 513 522 573 818 234 707 828 720 557 149 633 291 346 754 54 790 718 493 832 
545 519 273 148 296 373 269 530 1015 847 821 986 747 244 336 334 109 318 252 295 31 367 780 290 839 505 765 539 546 1022 782 381 
585 469 210 463 90 596 969 360 118 394 423 238 683 834 749 74 961 29 368 464 733 43 567 715 987 569 686 207 652 947 896 616 
776 785 603 829 365 700 675 726 857 100 16 951 664 798 915 15 180 680 883 123 294 921 644 448 27 287 708 623 855 508 646 649 
226 4 194 748 45 540 267 842 580 86 962 362 78 577 177 946 759 490 414 870 910 942 670 310 556 64 638 14 393 1021 500 41 
784 850 221 404 431 281 23 994 191 894 249 812 886 997 586 478 619 758 300 648 323 767 945 584 854 257 659 537 554 422 59 903 
344 695 866 415 688 992 980 817 591 893 486 187 931 979 76 455 483 82 960 732 964 211 704 999 398 571 57 193 899 930 285 769 
875 944 743 588 258 204 104 550 719 276 651 822 130 629 722 745 807 750 231 5 701 208 39 25 212 230 891 348 869 309 976 447 
