171 74 229 101 182 118 124 81 16 3 29 123 216 210 172 13 
151 196 23 83 47 175 165 204 119 248 4 181 14 67 130 60 
113 235 6 217 148 36 15 188 51 134 24 69 154 96 219 191 
138 176 149 99 5 58 132 116 95 85 86 63 161 227 39 108 
40 68 255 62 238 203 128 241 234 155 107 111 162 77 141 144 
237 169 156 254 46 48 1 76 9 117 167 189 97 129 178 109 
192 142 163 106 44 122 190 243 110 92 146 232 33 31 88 78 
22 202 27 247 170 26 34 224 159 195 173 140 197 233 98 66 
150 246 225 19 125 2 59 212 240 222 90 250 102 112 82 11 
230 136 32 20 75 87 52 193 205 38 121 223 252 215 179 17 
126 73 93 21 166 207 200 137 168 236 91 65 114 115 251 145 
55 164 177 53 45 158 89 220 61 84 18 25 183 239 206 56 
103 54 28 147 228 72 201 209 157 80 139 94 226 256 160 70 
253 184 135 152 218 100 185 127 180 231 244 49 214 105 133 249 
199 187 42 131 8 71 221 143 242 153 194 35 7 213 245 186 
174 43 211 10 50 12 198 104 37 64 41 79 120 30 57 208 
