223 114 181 175 195 13 61 38 58 22 73 229 66 225 29 200 
10 248 206 167 133 55 70 222 92 152 120 182 188 161 72 81 
173 96 239 31 64 232 116 122 35 211 99 93 3 129 42 166 
80 75 105 18 54 170 67 142 148 26 104 249 30 132 33 88 
68 164 230 85 227 6 202 28 53 121 215 217 190 123 11 189 
130 137 23 83 110 153 233 216 79 65 237 205 157 107 16 47 
187 41 84 95 209 59 127 147 60 32 149 4 45 15 145 183 
43 199 178 236 136 247 192 78 224 97 109 74 150 250 176 14 
198 158 165 56 117 135 44 160 146 177 243 94 172 100 244 241 
186 36 214 98 51 20 21 159 25 139 155 17 119 138 111 91 
144 19 49 39 112 50 171 235 179 203 108 131 1 204 9 77 
46 201 62 128 8 221 213 52 69 101 12 118 245 219 102 143 
242 156 231 48 106 207 27 76 125 185 252 89 124 256 246 154 
90 162 126 226 196 134 194 251 2 71 193 254 63 87 57 228 
5 113 37 151 212 24 238 218 140 82 163 7 115 210 86 174 
191 208 103 180 169 234 34 220 240 40 197 253 255 168 141 184 
