5792 710 3404 7891 1703 11570 2055 1252 9071 6673 2133 6284 7701 6638 6661 11672 9785 8071 874 7812 9006 7578 2831 9679 826 104 2865 608 10027 11554 11820 7985 9057 4443 10301 2853 4471 4770 10002 2983 11170 10194 8694 7135 5536 7245 11071 11816 4802 
9718 11032 1721 4995 3394 9104 2828 6045 2760 8401 7512 4017 10562 11357 3518 1704 523 9563 8778 8142 6904 1194 4706 6614 6212 4385 8699 7469 4013 383 4907 7431 3351 375 2448 908 11205 3749 9028 10379 9537 1536 11572 202 9701 3524 3550 6733 5023 
10902 5279 11278 4333 3768 4596 10220 9264 9736 5626 10146 5013 174 8340 766 159 7588 10384 9892 9962 4888 11083 3533 11675 7617 7260 7647 11888 10190 10364 6481 3495 1629 9813 5993 5350 6524 4925 1739 1514 4220 10657 1822 10283 2587 3727 9503 4175 10986 
7824 641 1917 494 11367 3046 845 6183 1565 5689 9685 891 9759 1557 8035 720 5484 10564 8365 3028 7163 6912 11805 1056 5733 9093 10486 769 1226 5762 9015 11139 9041 11397 3121 6700 5090 9769 1598 600 8604 7029 3045 7743 3044 4012 4989 3465 1529 
552 7025 6377 8307 3696 11337 9236 2726 8877 10317 7225 287 3188 244 2555 8893 4649 1021 1674 11318 2702 5042 8562 3040 2367 660 6273 6675 9557 250 2036 6992 562 1684 5357 7150 7085 9367 9508 6041 4112 2558 137 1907 431 3473 1003 8263 1730 
6307 9968 2414 2208 10951 2499 3163 406 423 7508 2976 5927 9801 5542 8764 6044 8053 10165 1014 1215 5573 11114 6474 5158 3784 1337 8367 742 3360 10512 11000 4 11774 3215 735 10811 1908 7546 5870 11208 8679 10795 3967 1899 3575 7887 2451 1259 1278 
835 3424 1482 3288 11021 10122 392 5696 7746 9058 7627 4574 10180 4060 4986 6321 1035 53 5296 10680 7538 5941 1765 6920 8835 4831 8235 9119 9534 7343 9448 11164 2310 11749 5911 2124 9902 9353 869 11511 1433 1293 10571 4039 5257 9705 11126 5843 302 
4366 8960 2741 8528 5707 4174 10881 6843 4915 1795 4422 6628 8953 755 7741 542 11322 8216 2039 4622 7575 10477 8285 7089 11244 8477 9496 92 5664 6815 7979 6255 7031 167 9715 412 5055 6138 8413 7393 846 8229 8306 10839 6684 10211 11403 912 2123 
9389 7759 379 1013 7283 8708 3959 4375 1698 6841 5928 8393 3174 3094 1326 4418 10762 5390 1320 9246 2463 9859 5320 9272 9152 7847 8938 7856 7618 6414 2371 1087 3300 11220 4628 4089 3103 2302 4439 7862 7289 5273 736 7534 10641 2193 8458 5714 10348 
11037 8631 11328 11799 887 11238 8609 6251 3843 11229 967 7027 4400 9216 5181 2563 10908 10678 7712 9735 2503 2420 11714 11708 10964 10805 203 7601 4518 2527 1096 11010 3089 2381 1784 2965 7322 5584 7211 11905 4769 8782 10744 4378 8115 6538 3817 3654 4256 
5172 2742 7964 8266 362 10094 8827 3445 3369 4227 850 10978 6616 3775 5162 1970 870 4357 808 6396 2808 10899 3026 6398 3241 2537 9495 196 4982 11724 4703 4955 6096 9039 1268 6376 4992 3381 9061 4177 3483 855 9450 9711 11691 3335 403 2408 6 
7515 3956 2228 4980 2560 7636 978 11077 6541 2409 714 2095 4893 4307 2236 7144 10267 4374 1008 8210 9665 2619 11823 7204 2652 6736 3599 10285 2582 3355 7648 9796 2720 7783 7352 11374 11422 10271 2487 11255 3662 10820 5202 2532 2262 5394 6115 2655 9207 
5245 11865 897 5544 4679 4087 10675 8593 1338 5117 9783 5787 4544 5343 6929 2162 11079 5646 5391 8110 11765 566 4258 679 3546 249 10624 10896 5362 7202 3328 6648 6215 5547 5345 11369 1159 10316 4890 611 8807 4265 10893 9753 10997 8582 5146 7319 3915 
6402 2851 6608 1301 8995 544 1456 1344 7544 247 8843 1142 5849 1821 11185 2789 10504 11562 1945 4056 9064 10131 2067 3113 2935 4661 11438 7124 1754 6643 5534 4710 1172 1095 9252 4131 9189 5193 2416 11330 10497 2640 233 5439 1300 8373 7196 864 1517 
4793 1533 5523 1399 2049 3788 1238 10216 10682 7976 346 10199 2038 6493 3699 2807 4026 10000 5077 1193 6805 10901 11425 4782 173 7860 2552 5932 7350 3276 9565 8704 4742 6547 6577 8124 2405 505 1082 4290 4892 8808 4506 1232 2106 3283 8555 2199 8996 
7514 2209 6705 1803 5114 7736 5769 8058 5010 2076 1349 2900 11589 8278 8521 487 6140 6453 3086 4997 7707 5479 2930 10079 8447 7324 9898 5109 2210 265 8174 2634 10077 8671 3509 481 1833 7798 7376 8741 3218 664 9712 1939 473 5429 8854 8896 8424 
6116 8333 1580 6231 6452 11297 1202 11353 3745 4261 3637 8156 6399 9377 1498 2649 7676 4747 1954 1750 5519 5187 8766 9307 9494 560 4618 1574 6128 7691 10445 10196 111 532 5373 4705 3987 678 6046 2391 2243 11892 152 2765 11408 9513 3671 5779 10736 
9983 6444 7174 4607 8951 5561 7937 1137 1412 10484 1802 7188 7500 2721 8646 9051 9059 5738 9185 4784 5355 7998 6156 8670 6017 1037 1467 11839 5813 9408 3953 9159 10010 7943 7678 3437 5041 11050 6303 3405 1317 1709 8050 1590 367 6571 8358 3458 9797 
2909 5599 9867 2994 297 11053 10261 537 10118 1196 6079 7977 2057 7443 11734 2710 6038 10173 7769 10356 6629 7897 9746 5280 58 6757 4474 1039 6241 142 9918 6501 11591 3231 87 6993 9441 10940 6248 11098 2576 4809 2892 8449 6419 3918 11766 10689 7294 
10474 9234 5123 2238 7688 5102 9480 11063 7231 9944 11356 355 7994 2626 3970 10612 1213 3609 11689 7333 4862 3980 6686 9966 5623 9847 3397 10360 9729 9190 7381 7160 7837 3442 1650 5975 2530 9151 10405 7209 5760 8908 1200 10823 11391 5905 5777 3411 2858 
3347 3162 4673 7921 2901 10533 6429 8828 8045 4137 7802 1163 3824 2170 11314 1427 10070 10834 2116 2573 9592 10453 11194 2020 48 5630 9248 6523 94 2669 535 9167 8867 1017 1512 5929 2948 6911 2296 3728 7671 3417 1291 10108 4266 10749 9831 4405 705 
10310 8974 7118 3333 2998 2950 11871 5115 3870 11806 7922 6781 2681 5802 8363 8171 5387 4834 9992 11851 11532 4403 4308 554 10924 1993 11472 9580 6085 11127 6222 5196 10816 10116 8829 10297 6209 8669 6447 8730 8211 2492 8008 8912 2266 8584 9655 10750 5805 
990 256 8881 11253 6214 5923 7308 9764 8357 1273 11420 534 4752 10117 2505 6520 10670 3521 1772 1589 8732 3138 5368 3256 5065 4425 5907 3359 7587 2722 8795 8491 7003 959 1421 2915 335 11119 6563 110 5456 11161 10830 11496 5254 8345 519 3747 6835 
5981 11418 1235 4032 7464 7425 3766 8907 3954 1264 8804 1885 9469 8719 1210 7842 11054 11515 5751 10713 1352 1312 6415 221 2454 4611 6880 9069 7233 9317 4564 3122 274 2730 11443 11352 11273 3398 6787 6542 2680 4849 4252 2591 852 11386 5944 9816 6111 
4594 2723 151 4647 8667 10303 8018 1934 1263 8232 10448 3558 9671 2263 9334 10322 10145 2147 3338 1409 6516 4864 8507 3307 6278 7483 3309 5621 688 3033 9388 11300 4481 5657 5913 5894 7088 10558 11804 7317 10500 5851 2449 6461 4749 10531 3322 9587 1587 
10534 7557 15 2687 7066 3014 5321 1909 4602 6326 2481 7918 1211 2153 1740 3011 10057 4814 10695 9433 4517 8618 5635 5216 6078 11306 8780 458 8024 5669 4659 3489 7168 9950 5078 6830 11550 10470 9111 11065 2415 4514 9174 9609 7894 7166 9723 2241 11249 
7975 3101 8511 1960 3311 8952 9668 6319 2884 10009 11893 1996 7335 6243 11187 1561 9112 859 5752 9386 665 2971 9435 6637 10645 5521 8137 9558 11228 6087 790 2659 2272 10967 1661 10251 4182 3540 6379 2330 10085 10035 10343 1475 8163 11191 6333 613 7035 
7573 5629 6584 8469 9601 8428 10245 10944 242 6497 3395 9363 2830 8063 5063 7398 123 5104 4927 8324 7593 3227 11640 8277 2476 6609 55 8121 7858 10863 2874 7012 7933 10756 2871 3831 11802 2947 9772 4451 5682 9376 10895 2686 5631 2143 8173 6259 10047 
6445 4624 1297 3622 2692 11526 8559 11756 6211 11142 5397 10584 1127 11849 7679 10639 6466 3315 6634 1547 2003 11298 4638 2439 8042 11256 11573 1560 6420 456 10910 413 11598 3883 815 10046 8846 5550 5174 5794 3189 4450 8650 604 8538 446 1026 3603 10516 
9047 2355 9007 4601 11674 2214 1678 10161 2785 10425 106 7758 5266 3432 1687 1526 7129 351 4005 10175 2968 212 3441 11581 7721 10253 4641 10443 7796 8742 4329 6014 11878 7109 721 8745 1706 801 8459 9228 1696 4440 2071 1530 7740 10349 8403 4132 1843 
7145 1279 634 8288 6392 3531 10882 9081 4461 9662 754 5984 5262 8519 11047 497 3192 3513 1599 6469 2562 6883 7613 3273 1756 11701 1570 6612 5862 5393 6207 525 435 4492 9520 5409 3913 10607 1956 7867 4823 7719 9788 9803 2491 3036 7830 9076 2462 
8384 2966 1367 10987 9125 2846 4576 7207 3035 7259 11770 10569 11171 3929 4237 8439 9171 8492 5652 6800 1516 1689 6386 4389 7795 2665 8982 7800 9113 5883 4554 7683 6943 7522 5610 8077 5431 6254 4202 7005 7407 225 328 9942 11611 5617 5008 8647 10187 
7217 9501 10090 1165 10982 11524 3427 4103 2678 8739 825 2849 11247 2986 7338 8482 1838 457 5636 9226 10757 7358 7909 5133 3947 11351 239 10708 9244 6424 1395 11206 5532 3720 3038 3790 763 11452 3655 10381 334 6336 7304 11454 8231 1420 7057 3272 7766 
7059 2250 3560 7224 1305 1197 11768 9157 11188 1749 5678 4757 8083 1639 2877 6514 6127 8561 2571 11717 5340 3109 7929 6163 9577 6739 8966 3730 11069 1779 7684 10406 1471 5960 636 7632 5710 6528 4903 10642 9600 1494 11522 567 2667 10264 3042 5558 6023 
5879 11283 11852 11043 321 1596 9908 6797 7054 8342 3738 3004 4368 8161 11547 6555 7574 7468 6282 5827 11876 6288 6745 10273 9763 2938 5147 5797 1484 289 8356 9002 9732 2279 438 695 8197 683 8883 1837 6436 812 11528 5613 8344 460 1710 8947 8265 
8743 11868 6291 4567 2541 7235 9212 11710 2176 7924 3910 5995 2942 9542 7299 3313 3667 358 5157 8092 6944 881 1583 10566 5171 3968 1448 1729 3619 7237 6070 11622 9470 177 1924 10861 2115 1371 4718 9866 11339 8452 5493 8765 10335 6154 6129 11453 2815 
9642 5003 11006 11179 2288 6224 10011 2169 1531 495 7859 3779 283 5036 4172 4206 11340 11001 11105 11203 1404 8861 575 7705 2213 9860 11361 6471 10034 189 8304 3501 3746 6925 7034 1360 6751 11331 5681 7563 3278 667 2945 7650 2957 5744 6449 373 24 
4094 11417 8224 2902 7744 6464 5112 8570 5606 4289 9305 2521 9814 11035 1920 2605 7436 3931 5352 2237 3919 4371 4497 11645 1359 8431 5290 6328 1625 1090 2161 7984 3564 2345 4632 2401 3993 1052 7230 158 8470 206 11808 3393 11679 10186 10990 9296 378 
6221 11259 2319 1230 10452 3130 740 9688 3516 11566 10602 3339 10557 8723 9447 5449 8467 4964 2861 9129 2425 8752 1388 10439 6026 3208 4163 844 5737 9349 10572 10235 4691 10380 2089 11822 10556 8292 3796 3905 6105 2978 8012 6559 7081 9095 3439 10159 11465 
7346 5897 4426 4453 1855 1962 8203 10541 1558 3567 5662 11485 10913 1724 11167 8041 7564 2631 5425 4698 2601 11262 4018 2984 11456 217 6573 8992 9078 11729 9148 8957 1242 9669 4042 7885 1829 6568 731 1789 8109 5823 10803 3460 4441 5549 2028 4218 7130 
11252 10270 4766 6090 11875 4291 10394 7659 11894 5528 11540 5231 3744 3373 8388 6692 11506 9097 2110 1351 10960 8240 8939 7253 8281 8250 6166 8037 9046 2130 5679 7495 3001 10536 6220 2567 5691 3164 3537 1185 1228 101 5640 207 10955 8348 10401 9910 4117 
6439 1913 4811 9808 7727 3981 10105 1496 2178 436 5788 19 9648 11576 396 8461 5548 7101 11432 3484 5560 5815 888 9137 1888 10136 9978 5045 752 6417 7494 4362 1462 8649 9347 2551 8958 5490 1316 1854 7838 7653 3724 5574 10063 4582 9660 9310 1937 
1705 5233 2673 2919 1308 2548 10773 3902 4235 6611 2782 10958 577 5057 1911 4304 8990 6088 10582 10041 5833 987 1778 10215 2041 9951 1485 762 4656 1100 5197 296 2663 2873 5053 11128 9464 1506 8455 5312 11095 2647 4880 901 1886 10193 3068 10086 7244 
9265 8168 2461 10459 2069 4007 1798 2848 2751 4509 3680 7221 9293 11174 7614 4100 5730 1374 8676 7748 2791 11662 3880 9931 4671 581 9737 9487 10374 515 477 7001 5674 626 4214 1884 4416 10681 11272 3592 11428 2699 8332 9976 7309 9827 8643 9338 8826 
9220 6623 3487 4155 9884 3606 6310 9528 9352 5612 4783 5677 587 3165 6418 4534 5265 2154 6352 10241 1028 5592 2689 4020 8473 9173 9147 9359 2175 1668 11209 6311 7082 10788 10848 3941 9089 8466 9717 1900 2585 2811 11344 8234 3388 11302 6610 9402 9131 
9794 9413 4949 9738 374 2932 2174 3099 50 1328 2059 4229 4939 4669 7527 2251 10487 9110 5515 9488 3640 6893 6242 11260 1792 8095 7532 4609 11371 2939 2887 10868 9499 9612 541 837 7430 8757 3878 1971 8086 3078 8172 11412 840 8476 5910 11739 3357 
4817 7098 3497 1766 10875 9811 6632 10712 926 7577 6327 356 9952 1777 1007 5297 8628 1481 5593 1974 1111 7547 10442 5950 2959 2085 3221 7364 4857 9184 7079 1311 7411 5159 10588 10239 1575 2072 5992 1998 5860 10605 1335 698 3630 10661 4546 8414 8910 
9373 11317 1556 2975 1248 3151 3707 4057 343 5915 2677 363 3897 11491 7125 8610 6459 3403 1767 11904 1873 6286 3731 279 568 2206 3621 5965 1658 1976 4173 1244 6945 11713 6276 5808 2500 8596 4827 6749 7694 2373 501 4082 6201 3822 9451 10018 1507 
9235 6777 4120 1016 8513 150 5326 9459 3901 9807 10880 506 3490 11658 4733 3891 2327 504 10466 4431 11818 3176 10087 11335 1726 5399 7006 11607 9146 9704 4583 5178 10073 5801 9540 1635 11728 3076 3906 2404 6813 4078 11033 325 11381 2691 11116 5426 2426 
3220 9680 9710 11429 4125 6790 5537 10691 7634 11555 6862 1055 9932 2015 1483 8692 9045 7816 3690 1410 6747 9948 39 4858 7354 3399 9302 5924 9809 437 7695 3054 8645 9611 8387 2225 10279 813 8132 5978 1440 9858 1942 8564 7791 6693 6587 5437 5969 
11761 10342 5062 9720 8336 10993 4520 1379 3066 5169 3295 884 4203 9760 8903 7960 9000 11743 4899 11046 2211 10817 6108 9390 1845 5553 8379 7291 816 8651 1366 1550 6431 7439 9446 2869 11204 7409 8567 4760 10488 478 1325 11882 10471 4406 4436 9136 1465 
6535 7604 4743 5615 8902 4841 2079 3350 4178 5644 4150 7408 7505 1125 1027 3688 11099 4483 841 7194 7983 2501 530 9394 6365 4420 9196 5803 6498 6930 9888 6950 4243 1764 1490 8181 9223 3565 357 4778 9896 1804 3945 3569 3538 113 522 2129 5255 
2943 8362 3663 564 3297 9818 738 1504 547 7789 7433 9517 10968 7753 8682 7261 11307 3596 2917 5694 3611 3911 12 4000 8772 4302 6347 10101 5499 4871 4257 6051 9849 4455 8275 2774 5745 5789 5616 1576 1333 1540 5962 6832 11248 9936 7457 601 8153 
11544 1144 8003 4505 7731 4027 7117 2255 6448 6980 1548 8456 10977 726 8354 703 9934 5914 11750 3553 10634 8166 516 5921 4160 727 10142 3559 10517 4170 3308 7836 8833 4570 9468 2728 8598 5277 11364 5243 10548 8901 11699 8803 10728 4878 8112 10835 2743 
2804 4456 4958 8396 7502 4727 7586 7490 11265 5891 3012 6814 6504 8683 6679 9030 6256 3846 8979 7724 10656 3557 8546 7036 9846 4061 2080 2156 11632 1977 3475 6530 11499 4401 7020 5349 57 8472 4331 5060 7282 3675 5735 513 5134 7159 6658 9160 10686 
7210 11264 4803 9414 2275 624 4198 5351 6246 2810 7105 6755 9912 6714 8637 10426 141 8707 8571 7853 1005 7293 11460 1676 4935 5006 2756 5896 10671 8691 10183 9262 6557 9247 2113 8243 3666 8145 940 4824 410 4619 8913 7363 2934 3166 3225 9832 7002 
9384 2309 76 11830 5330 6916 2364 10341 9777 681 10469 1685 11467 2495 3262 512 6752 6875 3321 6441 7735 8686 9326 7747 2257 4595 3697 9161 1830 556 3200 11753 6198 555 434 528 5247 5027 5705 696 3213 10358 5404 7414 10697 11520 421 9920 7733 
8258 527 11199 333 3320 5261 9400 2488 5569 1183 6928 10337 5278 4538 8405 8125 4953 2606 6289 245 5434 6941 6149 7893 1763 6285 1604 8874 9734 484 4086 753 8716 1964 9822 4917 8392 6892 6331 4589 6622 684 4222 7421 1443 6131 1085 10852 2316 
3477 7104 8165 7629 10822 4037 8267 10879 995 10295 475 7611 11451 7120 6071 7241 1762 8620 1389 11782 5633 8768 11040 345 7141 459 2952 8097 4459 2653 8028 6600 743 2099 4277 298 3563 11332 6118 2929 6095 860 7571 1033 4987 8832 5804 3623 6654 
7480 5161 8019 7249 7539 7709 4653 8123 8636 4127 1626 10478 10289 5489 442 5533 7334 7296 3305 3751 6244 8305 8844 598 6298 5085 5004 9689 955 3748 11315 9890 5332 4790 3299 8791 3837 4445 9742 9491 5286 2466 4655 7246 7355 3031 4251 6084 2084 
1075 6866 7090 7511 5842 9755 6932 6144 9998 8030 2679 5256 6651 10857 1073 2443 10455 1955 671 629 4010 6586 10747 2613 3754 2790 5661 10449 6153 3171 9355 9799 9193 8515 7339 1633 3060 2766 6337 5035 3840 9344 2411 8131 10084 8480 6717 7895 3488 
3239 7400 2471 336 4541 5260 7330 4462 2981 3583 9899 10981 3005 7698 7095 5210 3284 4245 5088 11326 5319 96 4937 6588 6999 10618 4053 8242 10328 6478 4412 4677 9548 9787 2506 11628 8236 2135 4423 5666 9365 11585 3407 9485 8869 29 2362 120 6106 
8450 619 7219 7326 4002 3422 4845 5122 5893 400 9466 10229 11147 1657 1348 7616 8599 11902 11243 7264 10067 9017 195 9622 9928 5785 8177 3818 7056 10597 3131 5878 9291 2473 6517 200 3421 6885 2043 6793 6053 4193 1256 4447 536 11291 1178 9416 11602 
2357 11224 3652 599 7831 7102 7692 4921 5847 954 8668 8654 704 6660 9907 1876 7412 6029 6077 243 11558 3656 4711 3092 365 5854 426 154 8 4587 8914 8297 1031 11102 7205 5372 7496 7974 10587 3571 8415 2269 8239 8535 7365 4136 10778 11748 9863 
9805 391 10399 10249 1473 5192 7672 1283 10023 5505 7268 2568 7513 10787 241 3223 8187 1733 591 1118 5327 9985 4395 11483 10395 10059 11113 240 3472 7176 3995 2430 7685 6009 3219 8984 4213 10580 6959 11494 9393 10482 10332 9200 994 8031 1817 9218 6773 
4393 8490 7214 8906 8020 8120 11623 7136 6627 8244 7553 10402 2372 3984 11423 7989 5700 3211 4106 2109 7723 11080 7485 9556 4142 3887 11445 10304 3928 11470 6615 9917 10257 2550 7298 4683 8376 3907 9280 9719 11682 6549 3277 11783 4113 8695 8464 9972 7017 
8408 6720 11630 7973 4900 2180 9031 1370 1847 10767 7877 5113 7711 5420 6119 873 4011 1260 10234 5246 1844 1807 11833 5058 11154 5183 6857 5291 10599 9063 2542 11487 3260 589 10794 9780 2363 3659 6182 1646 10480 4954 2027 3474 11514 5713 4759 2712 7382 
11541 8700 6994 7545 9619 1350 9997 9277 2775 11762 5671 11368 9342 6582 2518 10923 6047 4176 1916 719 9209 11390 2695 10507 8271 10113 3698 8755 11779 10481 3774 7419 751 3108 5438 669 1995 2380 5772 11726 5048 8870 3951 3629 1647 498 1198 1701 11777 
7369 1919 811 2536 4881 3534 4581 1253 2029 11862 11590 5994 7899 4415 4149 2173 3759 1585 9625 9901 11015 1605 5079 5467 11801 1219 1652 5177 8950 2253 11673 156 8255 10752 7270 6579 9454 11870 3555 716 9620 5957 8508 4575 11803 9138 7447 8196 8383 
4820 614 8853 8444 1950 6594 7720 4714 11773 6947 6865 5987 3071 1984 558 7097 5580 2683 6081 833 966 6330 4448 5491 10049 4124 7703 2604 5472 9664 8887 1332 7833 8435 9663 2528 8617 7450 4807 3530 3648 8339 3646 4894 1068 5258 2218 10325 3433 
3410 124 1129 5224 6876 2770 11666 3435 7074 3296 1234 4689 9415 8580 1694 3865 9417 1072 10491 8673 2252 4798 7552 919 9068 1396 9778 10201 4735 10365 3275 1714 5038 452 1488 5945 2365 3391 10137 11362 9126 1158 5412 1151 3811 7069 5168 9439 4238 
2058 5275 10696 8779 8289 8786 11117 7127 8998 7892 10919 9569 8502 133 8140 2897 1339 10247 316 1246 538 2034 6926 9027 8188 489 7906 9958 6300 3229 7277 7658 8202 361 7948 4748 11792 8520 2194 4699 6906 5741 10953 5314 6371 8749 3027 5943 5170 
6204 7372 9981 3270 4685 4316 6872 2914 10422 3348 1975 6657 10393 7474 9306 7529 4358 6467 2916 4454 10828 9004 6412 7662 6032 2108 3932 8872 6894 10495 9192 1525 8641 1620 11251 10501 8209 7310 5460 3222 9621 1139 4694 384 3842 7084 10527 10461 2529 
7804 7461 8821 3154 235 6010 7805 6250 518 4192 7610 6836 1386 2928 10723 3029 8993 1673 7980 10397 3291 11217 2662 2850 6513 2997 3332 2611 226 8920 741 9716 9210 3826 8917 4808 10938 787 1176 5591 6731 4473 5939 10350 10224 4643 9853 1613 6232 
6900 2904 11221 4052 7931 10390 936 4926 8027 9392 2442 892 4009 4789 5898 1432 4908 8796 6035 83 4259 11504 5144 6208 7972 5732 576 6860 6728 4830 10589 11746 2513 11859 8238 6979 10751 10550 11375 2926 4906 5607 4338 7094 3114 264 8819 5244 9526 
4501 5890 1972 8371 10227 2051 176 7108 8859 5289 9279 10872 11140 8262 9149 5967 1690 2256 6162 5587 2447 4516 1640 9566 2431 5101 6518 1188 5367 11482 407 5954 3055 1460 2719 7596 11760 3126 9868 10925 8347 4212 7405 7540 9645 5180 4496 5497 8935 
3812 7750 6136 11509 5236 5342 7734 9175 1216 6655 2479 6187 4343 8462 1084 8225 8252 1413 8046 5173 7374 5403 5703 11897 1879 4468 4070 676 1411 5039 2801 3636 8915 11707 4819 9751 2820 7535 2584 6093 8157 9693 3551 1823 10181 7715 8066 8052 6350 
301 9225 1329 7810 9013 1177 4091 2260 386 9128 11604 7784 6184 11880 8192 5322 9967 6006 5143 4678 1255 11103 10483 550 9001 7667 3185 10606 6635 867 3500 10528 9791 3282 3991 411 11854 2577 5151 9897 7337 7978 11536 6061 224 2636 6682 5464 4909 
3447 1030 11180 8969 6268 223 11044 9109 9538 6058 4241 10223 6681 10208 2227 1572 4253 11715 8113 1480 800 8481 3681 9802 9308 11881 4040 11484 2783 6249 2490 2779 389 5125 6772 9329 968 747 8335 973 11636 5145 453 2361 2588 11129 11738 9243 1915 
11791 9721 9993 3080 1343 9905 2637 1931 2671 3197 8331 6850 6971 7863 6012 10710 1192 3324 2247 5218 2675 9254 7551 9486 9118 463 3834 6575 9982 1992 9462 3974 3083 3805 145 9320 3725 10810 6619 1636 441 831 4301 11763 372 5071 9758 6342 1814 
9698 3600 5432 10026 9924 1952 4024 5624 8370 11309 11041 10340 5683 8905 5300 9963 5407 9911 2777 1290 2159 7605 6397 7835 4912 1600 7038 756 9333 10166 11548 6879 237 3777 10785 1628 5999 8316 1728 6404 5175 10522 8416 1601 3499 4069 2842 3890 2101 
10152 5855 5579 5213 8531 3019 2999 10262 7801 5469 2023 11347 10956 11695 1870 10319 116 5341 6320 1986 4488 715 11731 1510 9817 4313 6192 7236 7852 6553 7048 5215 7992 7518 8862 7622 4657 663 7595 3366 8770 4780 9882 2624 1643 929 17 8485 1104 
7327 2004 9521 1752 5043 6406 4702 2054 8666 10621 1773 7164 2026 9840 10715 9201 7182 11145 4905 5337 4242 9101 8850 4815 9895 7093 1786 6845 1451 4162 1592 4381 6283 6761 2359 1218 8410 9638 1276 7446 9845 1041 1377 9806 161 7649 4200 10013 6132 
10806 7472 3446 2813 9299 1356 1029 3194 553 472 7555 6055 3342 8774 1579 3375 2827 2126 10724 1346 7554 8565 10725 9674 4911 248 3958 551 1295 10454 5902 11606 9700 7492 4860 4663 11653 10168 3064 985 2711 2383 1277 9153 4121 2297 8016 6381 9833 
6389 471 246 10015 7567 1470 7883 9100 9116 2423 2574 6554 6305 4399 10921 5838 574 7958 672 1217 9691 10677 11661 1651 1148 10075 4842 8923 8248 2881 5099 900 8062 9987 11086 8309 2177 11490 4799 7099 5012 11111 9589 5836 11527 46 4122 9771 9560 
5463 10004 5333 8533 7044 1509 11124 3301 9040 9988 8296 6186 60 7559 26 11891 8504 3142 9984 11200 234 3683 6864 6137 11446 8002 6730 3712 10493 11270 185 10130 1423 1191 6565 7525 5724 7378 10031 9406 390 765 9961 1669 11579 1597 9427 9792 1149 
8841 10974 9916 319 7064 9798 10447 11225 9938 6266 3175 6024 3917 1258 4822 8245 2962 1554 10324 121 6203 7390 5936 1959 6711 6939 4324 2796 9529 9826 10255 4465 1478 11360 6179 350 4081 10909 9913 11285 1595 11159 3542 6706 1524 5909 7566 6120 6181 
10200 3806 7825 6707 11269 3021 7033 7380 7941 10519 10959 1472 11387 2066 2814 7452 3486 3610 4670 10552 822 889 9099 10983 2786 5211 3093 1692 4843 4115 10163 11073 4093 7755 7215 5968 5302 5096 1535 1895 1744 6373 3372 5568 11447 10025 9229 5588 7987 
2114 2394 8068 2651 5050 5436 1372 8302 327 7786 7348 8295 3618 4249 6603 7403 907 3504 7590 61 5899 2320 4738 7240 11057 3943 9533 5251 8287 2603 2140 3804 7167 9021 393 3999 191 4111 5176 4143 7287 1254 2504 10429 5961 9647 7137 9423 6677 
7013 3091 1835 9436 7652 3517 11189 2717 9599 5386 9348 9144 9750 13 2417 10579 10647 3825 1331 5447 2819 1774 4189 2718 7413 2781 11789 11022 559 649 1760 387 3124 4725 5739 8193 9761 4696 5887 11198 3927 1449 9937 1982 1627 1368 10080 8106 4629 
11481 2379 7371 6942 3139 5632 3854 3704 3226 5182 6576 2839 8033 9127 7373 10814 5240 10236 8201 1656 6656 9883 1745 11227 9424 2031 5047 4983 4365 2467 7886 3580 6987 7717 3024 6272 9336 9315 8678 6968 8310 10741 1318 10410 1002 8579 7749 4507 8702 
1363 7060 1040 10849 3795 9879 4435 5311 6895 4209 6748 11112 9649 5118 342 11202 8623 9666 7843 198 707 9316 7870 549 2438 1889 10991 8286 10918 4962 10631 6691 140 8758 5511 2090 2988 9314 2960 10468 4723 2706 10206 1523 9168 3803 10387 4833 2459 
5418 10293 6139 11190 4287 126 11471 1429 7871 5119 1393 9644 307 10376 10971 7112 483 4794 366 6596 4169 10932 6492 9579 2021 5417 4904 5952 7961 11064 1187 464 1355 11747 1489 2522 3601 6698 2070 9581 4779 5559 2496 8085 4999 10266 347 2200 11567 
6021 517 1101 9285 7181 470 1912 3061 227 10045 5768 2561 931 10008 9915 2468 8276 6561 10934 2081 10276 11257 982 5512 5069 2963 8578 11048 8427 588 11031 630 5695 2872 2569 11055 11655 6902 6977 1286 3760 2572 9294 1032 3462 4328 5364 7226 3548 
3463 11160 10684 10307 2446 3676 2890 11583 9530 8014 10111 132 8837 6117 1994 5148 3212 1538 10733 10994 213 8773 7201 1594 1573 4129 5130 10191 9297 1497 5937 4513 7008 514 2489 10134 6092 6870 10511 7153 10865 353 2519 4920 1747 7664 2334 348 2725 
2841 3886 7635 9512 6391 11056 7170 7584 10873 8117 3236 11434 10386 6113 5124 6067 1175 11419 8501 3921 1428 3306 546 6671 10311 2937 5766 4910 2829 8888 10635 3156 3426 1251 2484 984 8655 9775 7415 893 6990 7441 5956 4272 11123 416 9559 5811 5901 
3653 10745 4276 10992 11263 3602 9339 1783 8542 8634 938 8981 11178 3508 9617 9419 2403 8574 2341 3030 2094 10780 2806 9278 10518 2982 2063 5209 11700 3494 9360 7091 5405 733 1205 3510 9411 6261 3371 1720 10050 1553 8987 11711 7000 6101 7049 1400 3286 
7280 3316 4480 11642 8922 10567 2744 3585 7126 656 6428 1717 911 4269 3343 8633 1170 11798 10954 4944 11070 3062 5033 1120 7070 2964 11836 6141 4861 6205 11013 468 8806 9748 4392 573 5214 7794 8776 621 371 9552 2784 2022 4755 11404 11858 11856 7404 
3252 4434 5575 6102 9067 4578 718 303 953 6607 3764 10740 8091 960 4003 1334 10884 5059 10095 5916 10900 5971 5979 5188 7771 9733 4025 4184 339 9242 8251 4979 9072 6421 5555 10975 8290 7484 6613 1402 6510 2716 4001 10523 2922 11004 6388 11501 11061 
2248 9467 5578 7329 8534 10776 10789 445 3643 2294 3942 896 2802 1499 975 11125 7828 10437 6075 609 1157 8061 9925 1060 11385 2738 9154 2898 7808 5081 11365 8615 324 5501 9217 3412 794 5398 4896 4838 9255 6566 5773 277 8404 5217 10949 4956 4107 
4791 6886 3257 2731 5711 1569 646 9096 7913 9682 499 4762 3715 5061 11725 7377 1559 5328 5565 238 9568 9364 8475 6874 2972 8624 9844 3025 5229 10979 4167 9140 8141 299 6507 7579 1564 428 1794 1849 6778 9179 7158 4610 2512 6683 8823 4428 8967 
2301 9516 6223 6293 5165 8308 7271 4957 8583 2472 10644 6690 6780 11629 2087 3838 3496 1818 8017 3334 10719 1617 5475 4157 603 8249 190 4740 5774 5127 3519 11169 2277 1543 2727 4850 1493 6495 10619 3594 8882 9629 8167 8760 2141 7061 7560 1825 8961 
3287 7498 4666 3708 5885 3485 7710 3323 4991 10694 10414 6158 3235 4684 5670 11649 2010 713 10864 6378 2596 5466 11869 2187 3552 8737 706 7875 11389 6339 1988 1038 4597 10354 6986 11850 7275 11883 115 8866 3377 10674 3714 3807 10158 4045 7155 4102 2854 
10205 11132 8205 4729 3050 11266 2863 79 6960 6000 2755 7458 806 7175 1135 5796 2011 7426 5331 2899 276 5452 10637 10969 7914 9945 2736 7822 3946 3400 944 10258 3598 9875 11051 6640 7276 6432 4550 11657 8653 10505 292 7191 7637 1737 10640 5873 4398 
6718 4283 6703 4369 8904 1425 8751 10357 168 7645 10783 11612 7623 5571 9604 7353 5136 11030 6135 275 7397 9034 10526 6921 9960 7301 3431 2638 788 5871 3329 11721 3866 1162 6869 4197 5795 295 5416 4073 10133 7528 1946 10841 7823 7866 3452 6606 3920 
3672 6050 11267 3425 7488 8684 7071 3449 3051 10132 10496 5980 5988 10440 2951 6042 1130 5374 6180 232 2906 3924 3541 4074 9549 6984 10928 9372 4164 4914 2879 10687 3419 8223 6956 1887 10417 4837 8818 4077 5642 7281 10313 184 6103 1666 4681 823 8007 
3789 4108 4372 10702 5503 6494 2086 3385 7459 6783 8524 10920 8718 5825 8885 1442 4737 7526 6098 2707 4775 6854 8759 11537 668 1074 6808 507 5025 5028 9269 9251 10329 1541 56 11323 1382 11518 7131 11831 1815 3100 11085 9241 4856 861 3444 4753 618 
7075 81 991 3706 3686 1043 1080 4390 2688 8186 2240 1944 4639 8551 3949 11719 42 4866 775 6891 1069 6049 6840 1751 3482 1670 7133 2311 7945 6484 2122 1103 11776 5906 10509 10352 1212 9319 3127 11593 5226 8375 5496 1199 9786 11407 9921 8169 8425 
7633 11637 1723 9603 3800 9675 2703 7100 8175 3763 4080 8878 10392 7342 8076 569 10277 3767 2592 8327 5132 4151 4697 8253 7938 11582 3318 1688 11400 10121 9143 157 7396 290 989 6309 7285 10963 7957 11023 4776 9304 10260 10115 4984 11183 8545 7024 8517 
291 8360 8809 2511 9881 9825 4625 5022 11068 49 2318 2433 9476 11660 3149 10765 3063 11620 781 5868 4424 6529 2824 4695 1058 10254 3960 1785 1811 3203 62 2670 3070 8409 7549 3581 4263 4158 6168 6750 2035 3280 7568 4614 1584 5141 3682 9606 11690 
1093 1416 6460 7968 6407 4306 10210 14 3858 8241 8865 10114 6824 2390 6952 11861 4701 10524 11844 930 7572 11615 5524 7699 8057 10268 3964 5400 7278 11586 4159 3589 10653 937 3695 4600 4373 8805 10083 8621 9930 7674 11372 5237 11007 10632 8724 1967 9431 
11076 7148 5414 4141 5595 4800 11687 1973 3143 3532 10698 1426 10965 10039 10353 272 8178 804 11349 3057 7465 899 2704 5474 2615 9725 1768 8349 2595 5589 5715 11793 9070 420 5076 11184 6776 6624 3562 2645 9268 5082 72 486 5726 9848 10952 2093 20 
3317 6988 9102 3480 6903 5318 9379 10546 8129 451 6227 8642 8788 2033 5839 10553 2289 11088 9894 4240 4832 6953 8525 7813 1131 5586 3105 3780 2303 187 4396 11078 9139 5900 7764 5866 9914 10225 5757 662 3345 1298 10485 8652 7198 6416 2614 3914 8060 
2388 68 5514 8552 5356 3802 4292 9283 1851 6155 2274 11900 8516 7023 5016 5098 4972 4510 9318 2549 1431 9588 7655 9862 2387 4865 2105 2773 7406 4305 7661 7227 2231 1138 6826 545 1836 5659 7067 1663 6296 5410 5306 8443 5200 1047 723 9672 8098 
8940 1641 1275 1102 1285 10966 5379 2185 1846 8151 3983 11860 6126 4615 3758 8614 4262 7888 4280 9230 10600 1223 1000 9502 7395 2709 2453 9018 9191 4484 10256 7911 6329 728 5693 6499 2047 9240 2349 9607 4704 2232 11271 4952 5299 1466 6540 2834 7340 
5672 8311 2465 2910 5680 5344 2308 9830 4591 10385 7345 1511 9180 9074 2480 4741 11410 11014 7328 2644 8237 10300 11027 6595 1247 8407 571 7134 8586 981 5959 2464 3925 7908 5015 10886 8706 880 4786 1614 7947 1405 8386 4156 3002 4932 11384 9053 10479 
2685 9003 1365 7121 7073 3502 10275 6833 1936 2032 9461 8916 11162 10290 9667 3034 2009 9358 6159 5510 745 6477 10976 10703 2594 3892 5199 4035 1189 3633 4281 3658 5383 4408 10551 10554 7536 6290 10204 9010 5445 3310 6130 11477 11495 10774 11784 7463 4969 
2876 6605 10798 6054 10327 5946 9555 5874 9054 3561 5052 6400 1034 4825 4542 10362 11186 4562 5638 10754 7139 2866 5844 520 6160 3020 3894 7189 10489 7477 8687 2949 5315 11464 4123 5239 6394 6003 11177 5334 8988 4946 4476 2758 4232 4626 8921 7185 9781 
1653 9213 3615 10915 1914 10467 10847 2119 531 8613 2001 6532 11571 4347 9238 5712 2641 2104 7971 877 7999 10561 78 3711 5985 9745 9085 4835 10859 3052 3869 261 1364 1292 11148 11651 7263 7106 8152 10581 5131 923 1695 1373 1407 7258 11017 6437 10897 
6013 1 6996 6033 8400 971 10912 7953 5 9020 10104 9132 1788 4138 5107 1064 109 5339 4922 4282 894 8886 7790 11450 633 11150 3179 11772 66 2283 8753 7969 5219 9029 2795 2955 10851 2165 632 6649 6668 1207 8767 10347 1152 8419 10403 10692 4555 
4267 2406 8976 4553 4648 1708 1009 6827 10962 702 4773 993 6821 419 9261 2715 2739 6233 11087 5100 1898 443 2202 579 7113 1168 4645 5603 9946 3047 9639 7910 11355 2286 10465 830 5167 2064 6018 11797 7900 814 7787 9610 2278 7156 9141 4693 7732 
2470 9627 8103 9312 7864 2183 2307 11039 7288 5904 6349 5546 3549 10237 7714 986 7624 10933 5444 8497 2800 3161 9474 3992 5892 9696 11564 5845 10333 8909 8437 780 4785 1167 5817 3833 9080 4337 5605 10939 6225 7274 7581 6072 4592 8377 9694 9442 11233 
1208 3265 6589 11325 7861 5194 7180 10727 8421 10746 1417 3243 6915 6839 7392 11503 11223 628 6852 761 10601 1577 5541 285 6031 146 2281 9979 5195 6362 653 6810 9337 11614 1123 5822 3116 7438 7803 1948 4110 1927 5184 8799 932 9640 10092 7654 6740 
6344 3451 6324 3857 7713 2436 2351 11846 3454 10076 7939 1609 9779 9532 6060 1436 5126 2497 1071 8845 10272 5538 8688 9478 2128 3936 6822 10498 23 6933 2246 592 4380 1114 3254 945 3593 4971 6370 4466 7656 3204 7007 278 682 112 9343 70 3753 
9457 11872 2618 1018 4348 3134 2510 4503 10764 2753 8824 3986 7313 8398 5313 10948 4095 6475 5395 500 1978 2970 8550 9630 10537 2 11448 9202 10791 2280 11338 1801 8541 2197 1672 4717 4438 3428 9957 8272 10578 77 758 11505 4947 5152 9687 6701 3370 
3938 10259 1997 10941 3651 7128 63 4569 8747 9977 2198 655 616 4931 10616 7311 3376 7357 4804 9657 9854 11889 1044 2150 2748 4444 11413 2740 11745 6699 4543 5201 304 8010 9904 8711 10230 9346 7850 10103 1089 5153 1820 4637 4646 8006 6795 7213 1681 
11392 7876 9221 7030 8426 9011 5590 6089 8674 2788 11072 5160 1562 642 10515 6972 6387 270 8074 10042 7482 3207 6360 11677 792 5963 1871 1929 9482 7416 8204 9455 8836 2445 7203 3240 9043 7704 2377 160 3922 10164 9812 5051 6715 961 8417 2566 7686 
11480 6434 10188 5307 4853 3167 8353 6674 3691 5384 2658 6064 10898 4311 11652 2091 11106 8122 9776 6708 2271 5540 10412 6765 8503 3129 6722 11557 1544 10150 6043 10544 957 3689 5684 4419 9681 332 4191 11370 6685 3821 4792 9535 9714 6306 4736 2235 9183 
2145 7687 1115 8023 10547 5179 10617 3416 4288 11857 7644 4246 10110 3579 3813 11669 6267 777 6001 834 9263 9821 59 8198 10660 6662 10162 965 1736 4532 11242 2160 2376 4452 6975 5764 2230 8639 8750 3140 10970 10790 74 5543 1106 5977 2847 4059 6914 
3396 11250 2340 8977 10796 7523 4058 10432 3075 9935 3199 6963 818 2883 1839 8441 2142 10716 4889 10368 8811 640 8875 9282 11025 8968 11327 3155 8597 10072 10292 3356 2674 8382 1327 10718 9836 8082 10345 7399 5806 3554 8320 5430 2593 3556 8890 9351 8573 
4180 5834 10676 1521 6534 2838 1233 7111 9515 9340 1134 5422 5070 11299 5704 5223 3809 8840 11665 7058 8465 9224 9608 3820 9366 8999 4593 1469 3597 10777 828 10373 8457 10654 1445 934 5366 1711 7657 1938 5970 6957 1953 1883 3702 11402 2045 10781 2030 
1492 4295 2967 4019 10428 1392 9709 5402 4097 2989 11752 5991 5376 6086 8925 10732 1896 3977 5570 11060 4168 3808 11210 1004 7869 5103 4359 6109 3325 2520 7473 11486 7785 9130 2639 1796 4318 338 4883 6935 1464 7772 4216 4377 3181 7087 2290 6969 4621 
1262 7509 8154 5164 2923 1568 6738 6946 6028 8663 1810 939 3584 3896 11785 3899 409 4464 8563 8378 2924 5685 11813 4014 4299 4298 7773 1287 7076 3882 972 8838 1274 9956 9088 5206 9553 10876 5283 10748 3786 11155 1893 4286 4334 8217 4315 8359 2799 
8509 8575 1969 5392 2002 8627 8801 382 3674 8553 1282 11596 947 4219 7668 8522 1133 11866 2166 7603 10012 8065 394 4457 6016 3039 8191 2006 3008 5294 2797 2326 11529 5816 7171 10995 186 6799 7428 4076 1816 913 820 8944 6147 11458 5931 5940 11133 
6383 3963 10743 8781 1169 1453 8726 878 10706 7940 3455 6734 4154 6955 2332 3269 10870 8453 3926 11531 3506 1981 9886 838 2633 10594 10284 10591 2764 11310 4667 3327 6550 607 10539 2780 11290 4805 6918 2304 8484 9479 2698 10615 7220 5856 10763 10383 4171 
711 4764 6630 2157 7427 11110 1623 10700 4008 6973 10799 2258 5812 6472 6631 139 4084 9670 9876 8611 8047 2599 11020 4239 222 6744 548 7256 5468 1935 9927 2891 5819 906 1109 10355 3722 6760 3782 11435 760 10672 8176 9227 8616 11282 11207 1892 376 
2204 5709 2024 11152 9941 11406 9815 4664 9401 9012 1446 11373 6257 10036 832 8314 7621 8159 6917 2013 1552 10221 9842 4565 11853 9873 10888 3693 10228 10850 1330 10107 6581 11817 4029 1632 927 6094 6372 5106 9142 5288 9724 9547 9964 2368 11901 8468 1699 
4787 5958 1239 3141 8677 10629 2933 1419 2995 1693 7423 10542 9206 1863 9989 9077 370 11545 3406 5329 3430 2188 11212 5293 943 6346 3186 10419 8029 1450 6536 7881 8790 5108 3742 4006 4128 9271 7083 2895 2682 11414 1655 3872 6476 3791 11135 5740 7305 
1644 5912 9661 1062 9380 10475 9432 4923 2941 3147 3933 5756 5458 6567 1882 4388 3374 10450 8136 3037 7250 3877 11800 7829 7598 11107 4868 7845 3461 2908 4724 3547 9404 10052 11019 4772 1675 10359 8294 675 4321 9356 10603 3923 2149 8351 1182 6727 311 
1486 10330 10520 4226 9287 9545 6592 10019 8689 7063 5292 1383 414 2151 582 11092 4558 10563 2664 7212 1270 4965 4988 8233 9170 8659 7467 3067 3128 6169 9162 854 2660 10651 11440 8319 785 974 11693 1323 6425 5869 2862 2803 10717 11539 5091 11121 5005 
5138 1707 856 4660 7878 11394 1081 1903 7745 6313 6036 593 2531 690 5826 8825 10838 7954 8762 2844 1452 90 5509 11521 9856 1414 7915 282 9362 3770 7779 4351 9637 5305 11235 5212 1800 9117 6236 3739 5354 10177 6666 3823 1645 4199 129 7840 9523 
9052 4495 4828 3352 3246 1999 8932 7290 11151 7700 40 1269 1861 10280 3448 10775 9325 6560 2787 7879 2333 7132 8658 7642 8900 9267 7228 10549 950 7302 7770 1906 3634 8638 3978 11841 9270 8108 5208 8537 3358 7042 4344 3251 107 11308 2314 6124 799 
2544 1968 4228 2146 8499 6503 2597 6454 849 8839 2217 3160 5746 4064 11580 7761 6325 9509 5024 6556 10363 7558 2234 8800 2353 11771 8816 398 1987 2222 2369 4469 7445 858 6107 9593 10151 11042 4140 615 10462 1957 4278 6234 10730 7884 11008 904 1314 
6197 11769 583 2578 650 8478 3152 9245 1539 1289 7116 8498 10372 6015 4442 5335 9186 3709 8630 10476 4340 3123 7970 11716 2458 4090 3879 4941 4054 3503 3285 4161 1397 6551 8259 9472 4055 11560 331 7272 6216 3525 7444 11237 5951 4101 8526 11843 3263 
9511 3685 1094 1180 5807 7995 3153 5064 11834 1224 7323 3205 2331 6910 2864 4604 8274 11775 9706 10529 3839 11219 8783 4829 11879 9986 749 7269 11627 31 3274 1591 3736 1932 11311 6145 2457 1257 1079 2918 7103 10377 5784 10813 9260 10409 5778 4066 3074 
3217 6165 2477 9659 8880 6713 3990 3059 11118 5618 4531 4072 5863 9425 2612 9276 9590 8549 8256 6811 3481 2635 11146 4341 3694 6340 7362 9539 11138 8374 5037 1105 6978 10891 1006 7780 11493 11442 3590 2407 839 10126 7730 2889 3735 5513 7186 2768 4491 
188 3783 7114 3478 5365 5358 10705 7927 1902 6961 5021 1241 7460 6803 11246 172 4146 11840 10800 9823 8214 6065 6195 10299 5508 3773 3573 6367 6801 3303 6489 674 8889 6502 9259 3859 11303 4536 776 4527 4394 882 3645 8075 8802 1735 9090 5759 6099 
65 9024 5841 4754 11431 6924 6188 7336 9900 5461 8212 4547 1160 11814 5935 5996 7448 1088 84 11757 5775 7080 11324 3860 1505 4734 1603 8736 10464 8660 2421 7462 4274 10812 10339 11231 11594 1581 11334 2007 6905 9443 5889 9145 3408 3904 10252 1136 10761 
1385 8937 9653 52 3414 6676 9222 5665 9634 2018 1826 2515 8954 11886 6737 4047 8422 1731 7562 11597 3884 10088 8897 10985 10423 9023 7729 6552 208 8876 9980 9083 10503 3545 1347 6548 2852 3193 914 8590 7402 10905 6270 3158 9500 10506 6161 5793 11012 
1923 6357 10065 6210 6855 8395 6040 639 9016 2539 11479 11500 3950 9828 7949 4963 8814 4818 444 10772 1880 4739 1624 11874 3523 4882 9893 6687 9518 11449 11082 3409 10753 2382 3851 1683 1513 5381 578 10338 7851 5997 10014 4410 10033 9519 7820 6228 620 
11646 5068 6409 5285 418 3228 1036 6022 4196 11156 7797 4579 2759 617 108 1424 11424 7493 6358 6056 8389 5761 1222 2969 8149 7882 11592 182 4250 11549 1769 9695 5948 3756 11821 8134 10 9484 10927 5876 11681 10943 10048 9407 4134 10192 3440 318 1418 
9582 1313 5639 9871 2732 6719 11383 6151 7519 9740 2300 9793 7889 8927 1447 6314 11295 10089 9954 1951 6981 10100 2144 5459 10097 7832 863 533 466 8557 3006 8946 1922 9430 8261 11457 9203 9889 712 4985 493 9249 9135 10197 4310 215 7028 8735 6897 
1140 771 1928 1667 7504 1881 2507 9578 7986 5485 2845 5601 6199 7689 4580 3814 9851 3912 9891 4015 11492 5919 949 6732 5495 11261 7273 10055 7925 5877 2896 9525 11498 9959 5622 5608 3331 3794 4317 4686 2980 1940 4493 10418 1759 9181 6395 997 7487 
1621 67 11812 6382 268 5002 9396 3168 8298 5128 6882 5359 539 8483 2859 4482 3415 11469 2840 956 8626 5155 5583 5776 10807 3930 3353 1757 9092 3797 7418 2410 6652 6363 4432 3201 10082 267 6080 11320 5749 4050 3210 11828 6564 1983 3566 8852 10298 
9654 3874 11108 4475 996 7641 2792 9551 8341 3607 7314 686 2323 2322 7454 1965 11144 918 5377 8532 3543 1654 11788 1487 439 6189 1990 11415 10139 1891 7754 11786 7234 7807 4572 6185 6982 5110 5072 6937 9697 2264 4967 4118 9864 8970 8189 54 2589 
7197 4023 9215 2940 1890 1434 4970 4221 1725 9498 11873 7737 7706 10056 7470 10288 341 4948 4976 9156 11764 7367 4612 1236 6636 7855 8648 10456 10669 1519 2219 9524 7537 6485 3053 9820 11733 11512 8588 5650 7963 4590 8127 4194 4201 5488 4680 5835 11333 
5440 469 5818 2546 6401 1306 4960 309 1001 2060 2385 11551 3498 8576 670 6226 11676 9570 2661 3383 6020 4147 2186 9158 8200 2778 651 11835 526 8100 7926 10758 6901 11182 1398 6820 5566 10144 2554 6235 8822 71 5080 1378 127 11218 397 9713 5718 
2894 7385 1716 11538 722 3996 8111 10846 11240 9300 4933 11336 4479 3955 9321 4928 807 11293 1872 8355 6625 5643 3529 9574 10232 9205 6465 10658 5451 10037 6580 6746 7517 4522 10664 10608 3294 9295 778 2746 1770 11877 7161 10391 1665 2642 4264 8797 10871 
6604 143 1503 5529 4500 10051 11848 1225 388 5135 529 3994 10438 988 9038 585 3058 310 1304 10179 1618 2418 2396 10704 750 9403 689 1755 9643 6644 5518 5576 11153 3337 7620 7697 2329 8918 4869 8656 8761 6112 11377 6057 4402 1746 11513 5729 5831 
2616 5235 8322 5316 2088 10061 11081 5701 8817 9042 5481 1155 11899 1719 3183 8257 11683 3771 6936 8771 2413 5602 4323 6304 5480 6299 3135 3737 10583 842 204 11 11143 10499 4720 7238 10248 9616 8548 8195 6621 7243 465 4183 10318 5396 1571 10265 7092 
2292 369 147 8394 474 2440 2583 2112 11758 3864 606 5049 10530 6011 6669 1303 8812 7570 8577 4271 11439 10053 5840 3850 1630 1048 772 11678 3616 430 1083 5653 4512 7401 11754 4244 6948 8506 11659 6983 708 8038 1578 10844 7818 1671 6122 8135 3319 
2724 9591 10054 4552 10148 3253 920 8051 11115 10407 4885 4325 205 11175 9465 1403 5673 2056 7312 5564 10613 6002 3420 162 1474 11396 2233 4437 11089 1067 2000 2392 10154 10914 8418 1468 9743 9933 9429 692 8713 11887 7521 10633 5667 1190 7607 8190 11684 
6364 330 11517 9091 7359 4551 9628 9452 3828 2832 2602 11837 3436 7410 5228 5895 8919 4943 10737 4913 8842 9800 11346 4508 7542 2342 7242 7045 767 6230 11838 9412 260 7793 8754 4339 11907 8594 10274 8325 11348 1813 8269 9686 11819 2478 10947 1943 5723 
3233 3670 3841 1143 654 1664 4846 8720 3520 8228 10866 10513 10609 9341 774 11433 7332 883 1150 8055 3713 10016 9656 2855 803 6724 9975 9284 7254 8536 7726 6509 7857 10415 1145 848 2378 5585 9456 8566 1209 4855 5419 1479 1046 9614 10167 11742 4557 
6896 1091 8004 4994 10296 2306 6791 7039 7206 4816 942 10294 4528 8496 4884 3082 9852 8959 6462 875 3110 10815 697 4844 6846 10038 7923 9872 5250 354 3898 10535 10874 9843 2360 8493 7143 5009 9926 1868 11211 3752 625 10135 8587 917 9943 11736 9586 
4796 910 3145 10827 1638 7321 10926 8605 7065 11304 4407 10305 9522 3010 9955 11241 2794 6206 8738 2325 5105 2131 8313 4231 6966 7497 6385 192 10825 5780 2953 10673 4472 2878 2921 10451 2767 6433 10858 1284 4537 1266 88 8283 211 5097 9810 3379 3740 
8933 2239 3077 6239 8763 7541 6247 7010 11254 8585 7383 10570 4959 5095 7456 5238 11382 7959 3118 3867 9991 11656 9731 1435 9086 5563 7011 93 1461 7903 5375 9652 6650 5401 4417 10829 8512 5628 6807 11234 1827 7262 8635 7437 9834 2050 11740 5234 11319 
8160 7360 11809 8034 8430 7792 6642 2395 2822 3468 10627 4233 2985 563 3989 7247 9677 2816 9596 2074 9257 103 2044 2374 3988 404 7742 254 1438 5753 6796 10149 6898 8856 7904 2646 293 6817 2077 11003 11790 7503 3544 11625 540 2525 1237 2600 1078 
8182 6696 4521 6794 4950 9381 5545 7916 9906 4342 9841 1860 4068 7284 9107 1015 8672 9974 5572 2694 5083 51 5056 7951 4152 8411 11358 8179 1622 8734 313 5204 1261 11091 8740 10207 7821 8892 9044 6262 9354 6253 5976 5698 9274 4036 6438 9995 10611 
11692 4924 853 2389 11294 45 2905 925 5516 6146 8523 11005 2012 3876 9233 4236 9850 4186 2168 2184 10625 454 7631 4744 11287 10472 3535 2557 16 7442 8073 6062 10911 1153 4613 3719 6888 3900 9940 7387 2347 7677 3049 6446 8600 4801 7638 5353 10125 
7981 11735 7389 3934 962 11530 2152 7200 1806 6511 7239 5783 8330 8406 10140 10688 3230 4806 9094 7018 41 1791 2580 10760 6294 3382 4945 10172 5966 5649 4383 9870 6702 4386 2762 10441 5149 7524 9214 3741 4998 1459 4617 2191 10060 1324 4722 8329 9483 
4870 2705 1852 11305 2818 3617 9232 1358 9163 2291 3642 6962 8381 8049 7162 2657 5471 3041 11405 9861 2607 5502 7489 6413 8858 8260 7815 344 9676 4839 2298 5660 691 4658 5477 11275 1712 7809 7982 8973 7680 9032 9658 490 11755 7516 8254 10123 11289 
6458 1607 2835 6483 1545 6775 5717 7932 7728 7582 685 6512 2048 8529 7762 8911 3998 8162 2494 8088 6816 8964 3090 10559 5974 5142 8665 3787 666 1024 3608 7476 6316 9567 7072 9253 91 10734 6766 155 6366 1790 9506 8150 5492 6602 11437 11502 3903 
8926 2886 170 7086 11393 1422 3816 11028 8690 11038 5614 8505 4781 11268 9730 9971 4745 7935 163 4523 135 10003 9752 10143 2598 5281 2627 3249 138 4071 9754 1610 2343 7306 9239 11100 10323 1184 8784 7138 210 6308 4187 3718 4731 2833 1697 1566 4034 
2956 6620 3367 11411 3776 10596 8438 4573 4382 10153 2338 4364 257 360 5494 586 1345 11216 3798 2974 3457 11577 1086 6451 4635 6919 11807 2259 9762 9473 10665 326 9774 5269 3635 3649 5185 2317 1776 6593 4361 10538 2042 3072 3418 8372 9062 11497 4185 
871 6754 11741 11274 11321 3511 8701 9219 11781 2223 10424 3111 5249 3625 5716 231 4993 2907 6005 2452 10421 5308 6868 7990 179 2713 2623 4260 8965 175 11329 1476 4548 11149 2434 11276 6422 3172 7663 6585 9922 7032 7520 9708 7318 8994 2701 8420 4563 
1910 8619 6027 8084 8622 3102 2284 7417 5303 9177 8219 594 6237 5648 10646 6680 6505 11296 8069 9434 3962 10636 8857 4370 2903 7026 744 4968 8471 5263 1408 9166 508 2772 2823 7997 8934 10416 7993 9990 6322 5287 789 9266 9784 3982 11599 8644 11832 
9458 11378 449 2117 2913 2017 4996 10867 1979 10574 9273 6410 8849 2630 1437 2763 5656 4709 2261 1809 6890 7015 3985 9773 7222 6934 9829 7965 209 11523 1824 11664 10212 6767 6789 4041 11696 6037 5067 6353 4526 933 4477 7580 8733 3665 3644 432 6831 
10336 8810 1059 201 7177 8514 8334 7628 6470 10278 10005 3972 3390 6881 3015 6741 8291 2733 4821 5032 2735 2761 7666 2328 3259 2265 5882 6152 5482 847 748 6238 4966 5309 3855 9155 3330 18 8899 2620 8554 485 8820 2427 6847 11380 1875 10209 3117 
7368 10862 5702 6245 11441 1384 6468 7122 6317 10494 4756 7868 3952 3479 5284 5270 6375 4248 768 11534 2697 9025 7022 10648 178 2287 3614 9049 5075 10802 3258 10007 3003 4901 4726 1361 2708 6334 9311 97 5926 11163 10630 5282 8775 4314 10169 4730 3290 
10314 2384 9289 415 7718 5203 4296 8185 7752 3966 11421 9602 8989 8213 8366 1108 11196 9066 1588 3136 4930 7760 796 1179 8101 9303 5018 1718 2586 773 5531 9374 11312 5520 8725 6809 2958 2666 2242 10291 7146 8183 5627 10119 9009 4974 10735 7543 425 
2920 5252 7920 6063 11201 3881 11292 4458 4404 7050 10351 3190 6665 9527 3849 638 3120 6695 10770 9123 7565 10020 6678 6173 10877 8093 10693 7187 4414 6030 8510 5557 8264 4433 9332 2125 8603 3710 7420 3853 5498 4940 4788 5865 595 1186 11122 424 11906 
37 9824 10845 8527 5507 329 7232 10595 5655 10030 6213 3969 220 7142 6143 10306 8054 10378 1941 4978 2344 10315 4063 7934 6482 11686 10389 2747 1309 7455 8312 6758 10102 11009 6443 6405 11052 8860 9756 4887 3453 7499 3948 10722 5658 11709 1146 8871 9969 
3743 8924 2203 4268 6646 3848 4990 8391 2817 4062 10508 5886 9996 10759 8962 885 9782 4810 4234 10573 125 1518 2617 5953 709 5473 3522 7874 9133 1546 1156 8226 1020 9632 6995 11430 2632 2793 1112 1380 5743 402 6909 8273 11563 100 3023 2393 5413 
9005 3170 11617 10668 1930 6456 119 5832 5820 5014 6368 8568 7841 4360 10818 1025 6964 2352 9172 5020 8540 11034 3973 8543 6521 11066 306 2412 5222 6792 2729 6743 10434 10930 4345 3965 2502 10711 448 11680 5884 1288 565 1195 10860 5767 11277 8972 2092 
1894 5007 11376 7481 10436 8350 9033 7946 3769 4088 9237 7 3112 4877 5369 9449 1611 11024 7068 2944 9887 10667 2885 2061 4312 6844 144 11815 11158 10650 262 9288 6142 1502 11610 11222 9683 9633 7179 3692 5389 4668 7351 4750 5433 8943 9121 915 1859 
3018 5325 8440 802 1734 6218 317 7315 82 3125 11166 10649 6923 11737 11561 11468 4096 1904 5821 1864 2482 3115 7550 3177 1858 11474 9075 2424 886 7451 879 9397 3195 8494 6229 8148 8218 11884 6219 5647 1121 118 2534 3588 10202 7834 7119 7154 9368 
725 9615 1023 8056 7257 4490 9298 11609 6976 10854 3464 4605 4716 6889 9835 4449 10396 717 1679 1853 5324 3245 6834 3703 5259 229 9650 1458 10062 5361 8147 3438 9022 9573 11543 4934 3678 6440 11787 5276 5427 10408 11694 8855 10521 3137 2053 9323 2523 
7349 28 1271 64 9188 2565 7767 7218 10998 6100 1051 4030 4294 3312 8352 8230 5457 2244 10957 193 5046 1905 4225 5338 5625 10720 11280 951 4633 9399 6463 10502 9571 3587 5241 11587 3940 488 11197 623 3873 3871 6818 10784 3279 10510 732 11706 5706 
4498 503 6252 10040 3096 491 3180 2132 11535 3687 9 8315 5435 5411 5487 3638 8451 4083 1444 6837 1375 10388 5001 8625 2249 3721 4502 7325 9178 10853 3632 5453 8489 7722 9562 5686 1319 1495 6763 8629 3255 3639 4349 2547 3364 7693 7429 2375 10457 
3505 11173 9382 7839 6985 8868 10302 1700 2148 9026 6546 4886 3378 10128 6488 10916 7195 5920 6851 8059 3293 4603 7896 5634 6873 8703 165 3238 6318 8975 3660 6335 455 5799 11120 3512 9385 9949 11864 8460 6157 1933 9422 4977 8607 6856 7295 7110 5597 
4139 8079 7300 9463 5442 7453 1551 6374 4721 9019 2400 902 1430 3641 395 10246 1862 8945 10771 2189 2171 2224 5111 8792 4031 8685 6380 1606 1063 10894 11575 8128 6823 6716 4854 694 11230 9929 10797 4535 8338 4247 9211 7950 9281 9328 2196 2127 6341 
7768 5470 11618 7778 7556 3336 4672 288 1989 4327 3248 9994 4584 11488 1076 7599 2073 8848 4774 2305 4467 1527 7777 5486 2164 6019 8454 1980 1249 1124 134 7344 11141 7955 9256 10064 8300 3098 2428 3009 10109 3368 8569 2181 5719 1141 6123 6525 8572 
10091 5011 909 10999 11650 6753 7639 11436 6974 6301 4098 631 3413 1042 1354 11641 3844 9460 5166 7479 4397 2987 7806 3079 5998 5750 130 21 1066 3582 3979 1098 7608 482 2121 1549 3757 7640 4413 417 9546 10444 2324 380 11459 11626 7229 4051 3570 
2643 10821 3470 6997 9510 5385 9543 6258 340 8963 1097 6641 5310 3244 6004 10699 10890 647 895 5371 8794 2538 4533 8346 11049 266 4165 4777 5476 6770 1250 7279 3224 10250 10431 3574 2336 6954 4411 11705 2167 9623 5500 7782 7172 4021 11226 2134 1243 
10843 4650 3354 11427 10980 1926 10663 1128 1340 1840 805 408 580 6164 11193 1662 6354 1011 7047 7016 2315 9150 7936 8303 10755 10028 11508 5000 9275 4620 5406 1865 38 3007 5955 3341 8705 86 8096 6069 230 6480 5094 8606 43 3261 7757 1353 4148 
5274 9060 903 5765 7055 6490 9768 1126 3819 3729 1555 7708 5852 4179 2460 8036 5360 673 2078 8715 9819 1092 5982 10189 10590 1637 2102 9398 10178 10655 10129 10622 8089 8997 3668 3150 11350 677 1850 8067 6848 1387 2295 4130 10312 11727 3196 122 6863 
1220 10903 7651 4330 6887 9999 3885 7597 3206 7478 9008 3612 980 10855 770 2432 6721 4356 5742 6769 5424 1491 7391 11842 11631 2358 2927 2158 4891 3365 11131 476 7548 8547 4644 5853 7725 6570 11647 2350 5651 4918 1542 4255 970 1099 6664 5073 2622 
4044 7157 6544 2354 8693 7956 3717 1799 11826 9084 6263 4676 5763 7510 11811 2993 4166 8894 5925 10240 7307 4135 8930 3669 9789 5267 7379 11578 3032 5092 1631 10344 1649 8343 8591 7609 11634 4133 1391 10219 9923 7062 9880 10577 7152 1582 1357 10659 5663 
8632 9505 7643 7223 3491 1299 10801 7267 8986 1307 1642 6537 3605 4973 1154 8714 8025 7612 9744 6427 9477 8928 5198 8560 6170 1390 6150 2155 3750 10837 2757 9387 1819 11426 4350 6927 1012 7173 9605 8081 5421 9055 11525 6361 4346 10831 10610 817 4043 
11461 9585 9105 11616 8657 5019 9197 10690 11018 2836 6343 11399 8184 3627 921 4205 7475 8199 3778 3677 4586 10832 6788 3657 1203 1828 7799 3326 149 6710 480 4105 5186 2111 11751 3289 11002 3471 8412 4284 3173 10793 5990 5253 3626 652 1743 5829 216 
6940 8864 349 10375 7942 10099 5727 2082 4566 11029 69 584 7873 1753 6786 8009 9919 952 6167 10738 7673 4687 866 3861 2893 4004 6121 5034 3939 11702 9626 798 5054 6175 1520 8001 11574 3106 8026 6104 7531 3022 6647 9597 7140 9554 11890 3216 3815 
4682 10068 5850 9878 6756 3845 1857 3673 4478 5448 11542 10721 180 2083 2366 11172 8118 7183 8039 128 9410 422 9437 9947 10585 5455 5248 8022 3661 5271 8126 10058 11600 1918 1342 8442 2097 11232 3961 117 3469 7817 4215 8612 1608 11401 2543 4116 8280 
10885 99 2139 3765 10160 6193 7788 6455 5861 10370 10361 2526 10525 11090 6951 10989 10731 596 2870 3792 1831 3852 9837 10679 6426 6704 4545 7844 2276 5086 786 6861 11284 11395 4355 3 3387 10185 5637 5942 8368 9865 10282 9678 6034 4975 3847 492 4623 
9550 9037 3908 5504 2880 7491 5872 11559 9475 2911 11507 9757 7952 9575 368 9618 8681 252 3132 4211 7115 10244 9073 1164 8328 11416 3157 10203 3264 8143 1500 3716 7681 5029 5810 1281 3726 809 510 3781 543 5604 645 2268 8208 7184 2977 7471 8500 
9204 11096 9471 9357 8873 251 572 11863 3402 8581 2805 6768 10836 11195 2103 10106 4771 890 11366 11663 4460 1280 11732 5527 6998 3363 9739 7589 8078 2285 935 9195 8301 8385 4662 10701 10833 11519 11569 10628 8000 5446 4363 6762 5232 730 2195 6281 4067 
5848 11795 4652 6076 4715 5272 22 2397 5301 9134 5554 9631 5600 8164 6059 10942 153 7320 5903 7592 429 648 10120 314 11067 6653 10922 35 8991 3202 6785 4099 9722 8107 7388 8326 1842 4529 5786 8432 4303 10367 2356 11720 10217 3935 5722 11130 1132 
4875 784 9684 5567 305 9481 4634 10729 8043 3723 1022 1758 1201 7178 7424 75 783 2207 2825 9504 3761 2120 6039 8293 6408 7756 9036 1296 969 9187 5933 102 6479 4571 4409 2826 9369 2337 9050 11601 6543 3536 3539 10473 4376 8949 9292 1949 3000 
1713 10147 8680 5189 8270 7846 9561 5137 7606 1171 5754 6519 570 9440 10182 4092 219 5748 10786 300 1049 2931 11718 294 10184 2370 9098 876 10514 1267 8144 5087 5363 3386 8090 8697 9056 4384 4487 5478 10709 1110 2857 5864 3514 4674 6500 11058 2690 
6487 9164 2837 1508 8246 7591 10435 5964 602 5758 810 5370 4719 7967 5699 1245 11239 11258 6688 4797 6091 7826 6315 6583 5824 8929 11354 8402 7988 5611 746 11084 5517 11685 11473 1401 9489 6312 3056 10565 8206 1310 4353 3247 10032 9169 2564 10683 7751 
10555 9839 7292 2545 4275 7880 5641 9120 2535 6526 6403 5938 7435 5121 4712 11722 11286 7043 2312 6302 36 3232 2182 4033 8595 197 1691 2629 10945 4332 148 1394 11214 312 8146 1787 4204 9493 3340 6802 10112 5030 5983 2192 194 11345 824 7533 2398 
1925 9507 1119 7506 4190 8080 6626 4708 724 4898 5782 3793 2992 10176 11463 2812 10127 11181 1454 7255 273 5207 1315 11288 7107 2579 941 6384 1874 11192 5120 11157 5129 9651 11136 8495 8279 10766 2656 6958 8777 10592 2750 11867 4207 5139 643 3893 11036 
4872 11363 5415 2517 7366 4568 4751 9646 5676 4767 2201 4075 511 3456 3937 5690 3835 4144 8005 1522 9327 2737 10792 3146 8942 661 6125 1602 4812 4867 948 4540 10742 1174 9395 7394 2138 6779 7501 2570 5462 6574 4421 10369 7449 8710 7819 2524 6473 
1812 10346 6598 6949 7252 8748 10892 34 9903 286 1775 11794 10170 10198 5556 3830 4379 2118 1677 337 8048 8675 9065 7848 11827 9375 9953 6771 5708 10458 6275 9420 9641 6508 7872 2625 1841 11759 4145 1057 5598 610 4840 6277 9857 8040 862 1537 3434 
3528 7149 11568 6491 8429 9727 2514 6709 5654 10532 6496 322 9122 6171 521 6667 6659 8602 3895 11176 169 364 2220 461 6369 284 4085 1748 8011 11379 6991 5917 9594 8423 4559 3624 3344 687 7944 10662 1921 2650 10218 4938 2282 3997 4489 1122 4515 
10739 3191 1771 3250 9541 10804 7316 9405 8931 509 10398 11553 8518 6965 4354 2075 6806 1586 1336 271 1147 4254 6774 11654 5454 10400 2179 1341 9108 6545 557 3568 33 4577 5830 9692 11895 1722 5264 9208 8980 2875 1961 5755 9331 3700 3647 7265 4297 
5535 6689 218 9855 1045 2672 11671 4530 10413 6066 6265 9079 3084 1867 11301 8369 6240 8589 47 898 80 9082 10022 5949 5725 5859 1221 3916 6867 7630 2444 6200 7434 4606 4627 1682 6828 3975 11134 6697 6134 447 2776 4690 8831 11723 6617 3389 1161 
8070 5736 4048 6190 5220 6345 4588 5227 2609 922 6527 10492 11730 1848 1901 4642 5846 2821 2676 622 10543 7037 2190 7781 3467 4654 255 8180 3810 2267 1534 85 10427 3362 10907 2100 6712 5530 793 462 659 737 7040 6633 8941 3349 10889 10171 4560 
757 10331 7386 8948 399 3097 10972 9087 8956 4079 7009 7739 7051 4309 829 10887 11603 6533 2648 7375 479 10707 9048 5506 11648 30 701 1616 5770 7625 8558 10155 8787 11667 11825 2096 3298 8227 10540 9795 323 10029 6970 11279 5443 9804 4391 8696 11896 
2856 7890 11903 8662 5423 10074 8021 2399 10098 1376 9497 8863 6742 10269 11608 3868 11619 1702 1612 5857 10586 9330 7907 7422 3679 2754 2610 7912 11847 8299 7331 2925 228 6196 10382 7019 6804 5156 4897 8323 8445 6908 9378 8898 8793 3684 2136 1231 308 
6083 1877 10213 3631 8488 8448 7901 4499 2483 5918 11101 4153 6174 9939 1240 6506 11643 3909 10614 7716 7507 10560 4224 2205 821 5074 10446 6097 2533 10021 3133 9444 5093 10243 2990 2868 8664 7670 4942 2693 11213 7646 377 4961 5116 6074 2700 6442 2749 
10809 8936 2973 4813 8436 3073 10623 11478 9770 6351 2556 6068 6172 644 1050 9885 11137 8155 3209 11697 764 11635 6280 6726 1834 7619 11638 7147 10808 1808 6922 4763 9765 6271 5687 5947 6260 5191 5380 10334 1866 6591 7347 352 5881 561 8397 1963 2553 
3604 6853 7585 5304 1053 3976 2509 6645 9370 4688 8709 2654 2745 11688 9309 6829 10371 5973 5044 2068 6264 7356 2037 4847 4826 3572 9335 729 5562 3234 5771 2456 6590 10430 114 7053 4636 2321 983 10685 2335 10961 10856 10950 5382 3476 9426 131 7854 
6356 979 9673 10433 5525 5317 4230 8731 11516 10768 8133 5163 9324 658 11712 4494 6133 9909 8834 680 10321 6597 8361 1781 843 2628 4319 9345 10643 865 3944 7966 8983 10826 1532 2608 3595 6782 381 5084 1077 7370 7902 4732 5323 7165 5880 5986 5089 
5539 11281 4795 10638 10404 10281 44 8446 3085 6578 10620 1206 3576 7814 6735 3799 6663 253 171 8601 6819 851 8722 10044 1117 6989 8138 5800 315 8985 1797 9124 2946 405 1415 4874 3159 5858 7928 1856 6390 3732 1741 4675 868 3302 8337 9749 6878 
467 8282 8321 7660 10093 10593 4539 6177 1805 214 10988 6899 1294 5408 4427 7169 10195 2696 4181 4273 10626 779 782 10460 9702 4065 10984 7077 6871 11475 6849 1322 7898 6148 11109 9635 11510 8364 10420 7014 10156 2098 8813 7052 8530 7615 10222 5582 524 
5594 496 7774 5441 2293 8087 2052 657 2516 10842 5140 8661 11455 10286 6279 11829 11595 5697 4863 3392 612 5791 5790 6073 10652 5837 2486 2172 8544 1966 3271 3119 10568 5798 4446 10929 4046 6618 2273 992 7208 6812 427 6450 2455 693 4028 11342 3450 
32 5721 11062 4210 7251 8130 98 11313 3267 3087 3801 8727 3705 5668 1362 9598 8064 6601 6008 9624 11810 6825 5692 502 4335 5348 164 3148 6332 4713 7530 1107 4387 635 6359 4765 1321 2771 5336 3586 8721 11462 2046 1563 11165 7046 8717 11552 2798 
9182 1780 8486 9536 3184 9544 8099 8220 2163 4761 5465 9290 5388 1441 3013 10769 95 872 1567 2714 3017 10490 795 905 2107 7151 7917 3423 4486 3701 5972 1181 2065 6007 2575 1593 1272 9286 1113 11845 7341 6295 4016 3957 5620 2979 6599 440 3401 
597 5875 958 10233 11703 8487 281 10824 11605 3856 9874 1477 9707 819 827 8015 9703 11398 10935 7041 1660 10017 9428 999 1686 1947 2888 6931 5828 1634 4524 10006 10242 4919 7361 7004 1515 4430 8433 5450 2270 2386 8895 166 11215 11075 6842 2540 3620 
3088 6048 7690 4195 924 3578 8539 10906 4692 2936 6531 9199 3875 3292 916 8044 1958 7996 2429 6217 1229 89 6269 6838 10238 6639 11670 9421 9595 1010 263 11780 1793 11744 7665 450 8744 8789 1061 5205 4616 2996 11409 8978 8284 8380 7190 4746 5934 
4463 4511 11885 2419 1019 5720 2621 6723 3304 7775 2668 8207 9576 6694 3048 10411 6877 9584 7192 2422 1381 3016 3178 4951 2769 4929 11588 10937 2809 11444 5066 4336 5522 4485 7466 10081 3214 4223 1463 3515 791 1265 10308 8463 5908 2226 10598 4640 2493 
8851 1166 2734 9699 1615 7440 7266 11633 11546 2402 9035 183 8222 9322 4758 9198 11778 8013 10917 4631 8798 5031 3268 9106 3628 11584 11016 3493 10714 5581 7486 739 9492 7594 9869 637 10141 5731 8769 11093 10779 6323 9690 11168 3650 3527 5609 4322 2435 
2014 11639 9531 10973 4208 7991 10883 6515 2437 1070 8556 11343 10904 9350 2019 8116 1227 8830 8399 8102 5922 1985 7930 7827 6759 9391 6355 1659 3863 6913 4293 1761 5814 181 1439 3492 836 10931 1457 9194 6562 3889 10946 7583 9583 3237 3043 5930 6274 
4525 7193 998 3314 10819 11824 2991 10174 1991 759 8105 1715 9418 7286 8785 5242 11668 10078 6025 3443 1782 5154 1302 9250 10263 4104 9165 928 4859 4038 4022 1680 2752 5017 2581 11245 700 6938 3862 3069 1455 11236 9383 10214 5298 2299 2684 7569 9231 
976 11059 4585 1204 8815 6539 7384 6191 5526 2954 3734 11644 3104 9490 3888 4326 1054 11704 4429 10071 10878 11489 9115 4270 7765 8756 9114 6798 1173 7096 9301 3281 4851 7021 259 25 9838 1732 6348 7962 2559 10463 3198 590 9409 3971 4300 3762 6907 
10604 136 10936 4188 3664 9726 1528 9965 10726 5728 3242 8847 8640 4651 73 9371 7865 2441 4630 3526 3380 6292 3832 9613 6967 10069 3466 2485 10996 2450 8879 3182 797 9767 2860 5551 6725 10320 4700 2475 10666 605 2005 3095 3361 3065 3827 4873 6558 
3346 1065 10024 699 8746 7763 2212 6052 4279 11767 4561 9877 6338 4665 4599 4902 7297 9728 7561 2016 11796 8955 3081 1116 3459 9445 11698 3733 1869 6178 7248 7669 7905 3384 10138 6522 9790 8390 6670 5230 9741 5295 8698 8094 1648 10096 8247 9970 5747 
4217 8072 2254 4936 8215 5225 5688 10545 8032 977 7216 2346 10869 6114 2508 5040 2137 4119 258 6287 5867 8317 5781 10226 105 2469 6672 5989 4836 10575 11466 5483 4519 11074 11476 9973 2216 4876 2313 9514 11898 8194 2215 2912 4367 10366 9766 1742 10782 
4556 6194 8712 5577 10124 8268 11556 6764 1501 5552 1619 6884 6486 11097 3144 2221 3107 8479 9103 1738 8114 7696 10576 8170 5428 11341 2843 3613 6859 4470 11388 4352 2498 11011 359 8221 4109 8104 9636 6784 6435 401 2245 6297 10287 385 7682 5596 6202 
4285 3591 4320 9453 1727 280 10043 6110 2882 4895 3772 320 9176 6457 3169 11026 8139 8474 7849 8729 3836 1369 7600 7919 1878 11094 2348 7675 9572 5347 8971 7576 8608 2339 2474 5221 5809 5026 2961 6082 6393 9313 7702 8119 5675 4848 269 10309 7602 
9438 11533 11565 11624 2008 4728 9564 7432 11104 3829 627 11613 3507 10001 9361 2025 3577 7199 963 9014 6176 857 8884 3187 1897 8592 11621 4549 8318 10066 4608 7626 27 2867 5150 11045 5346 6729 4598 7123 2229 4852 10157 10326 946 8728 433 7738 11316 
10840 1214 964 5645 2062 6430 4504 8891 6569 2040 6411 199 11855 4768 4879 9747 7811 3785 6858 8158 5888 7078 1832 4114 11359 5190 6423 5734 3429 8434 4049 734 7776 236 1406 4981 10231 5619 7303 5378 3755 4707 4916 6572 2590 9258 5268 4126 3266 
