6537715 7204274 7872475 5830223 6456415 7274757 6947487 7316937 7497183 6473114 7369767 7555299 7698711 7097280 5784702 6944507 6394324 5700117 7354359 5324959 6285737 7233578 7245667 6326842 6692085 6955427 5700186 6039443 6385811 7731742 7551688 7856804
9698748 9503310 9060427 8744110 7982200 10460683 8343566 8431303 8091647 7848772 9228865 9891719 9209975 10566823 8973089 9377113 9949534 9642402 8628228 7941696 8981611 8897180 8944300 9696044 9678749 9142024 8527263 6871712 8156136 10412237 10001755 9275496
6900165 7485492 7526447 7244918 6073124 8851245 8328710 7840021 7358954 6751638 8968247 8216016 7738800 7327323 6574538 8094976 7831186 6851508 7251685 6470286 6682917 6804545 7697720 7871132 8025250 8631527 6283393 5859195 6058289 10253224 8082375 8182192
9402532 9849430 9201971 8551021 6964068 10324611 8263382 9362995 8912476 7465369 8561736 9273233 8649401 9830219 8206575 9997159 10290831 9322375 8888134 7142369 8440712 9638329 8907630 9448894 9790816 9618535 8499300 7381251 7952525 11622270 9972156 9184207
8297512 8011187 7924110 8288659 7435832 8419599 7701410 7835294 7371487 6334987 8696484 9226619 8386938 8405958 7863668 8738973 8986788 8652325 6979294 7029289 7275237 8151475 7699544 7876186 8691041 8511766 7185930 6620838 7484791 9328915 9375686 8195337
9705662 8823245 9646575 9343469 8196544 9989104 9564735 9525343 8655018 8148518 9997685 11416715 10769065 8716610 8561688 9755417 9661794 9473548 8097584 7988164 7586609 10113195 9973067 9314450 9520218 9502433 8734566 8007479 8440686 11261447 9740974 9677849
8997419 8476092 8128690 7260094 6234500 7680185 7415463 7793512 7052558 6193034 8666665 9590669 8720516 7428837 7232062 8031032 7281995 8141922 6548831 6644702 6783993 7663246 7130814 8112042 8576371 7613920 7072110 6657982 6007227 9447798 7477928 8266924
7694385 8106106 7149639 6640204 6111874 7242605 6412491 6703965 5970627 6411961 7156964 7156713 7601773 6899850 6469643 6925396 7530378 6809759 5957263 5710504 6990876 6965707 6833829 8103600 8017386 6458274 6416892 6343947 6326506 7749776 6455336 7357591
9058693 8932223 9293057 8614307 7086755 9049689 8639416 9371978 8620816 7405174 8981198 10349375 9565748 7984404 7208153 8680888 8490352 8873326 8184276 6894001 6738953 8796727 9448859 9583981 8644687 8580945 7435122 7698366 7758259 10872922 8632831 9428391
9955386 9365976 9396123 8062512 8669446 9450557 8431882 9213469 8872382 7813106 9486941 10878201 9160320 9234627 8956428 9734221 9768372 8719893 8324612 7277244 9121353 9075415 9382616 9159695 8636907 9258170 9146673 7756587 8848593 10333608 9514192 10551319
10167197 9886491 9741868 9390553 8047784 10486148 9484248 10195121 9365034 8138009 10609587 10774675 10152732 10246010 9993252 10598978 10690782 10057109 9208423 8699012 8794715 10174712 10098666 10525839 10373445 10832971 8696441 8286189 8284017 11924928 9561439 10341327
9347220 9030317 9386281 9136110 7496147 8901120 8653264 9515559 8475964 7184995 9829462 10127523 9837823 9808287 8999253 9466093 9272854 9589985 8029025 7889226 8132168 8217263 7702750 9098724 9900933 9455503 8192890 6965188 7874632 10244885 10282684 9000036
9764100 9632252 9306548 8270466 6935990 9067494 7456960 8603320 7720471 7312900 8811672 10649314 9807644 9309968 8484940 9401255 9804302 9428704 7328363 6947636 7770583 8997885 9369151 9237312 9645558 9074426 8171706 7830491 7959622 10234117 8880063 8408975
9255805 9116660 9253646 8463302 7989009 9866254 8717719 9429094 8836111 8193234 9102866 10402745 8779698 9663006 9245473 9327641 10639169 9544589 8984677 7816775 8237258 9371580 9793035 9437367 10543038 11290173 8143444 7787845 8150554 11812710 10243396 9743493
8044492 8733780 9072137 7759556 7561488 9010949 8222421 8328844 6805907 7016645 8318552 9331789 8296284 9394275 8289722 8170488 10001482 9115030 7753158 7002028 8342094 8457720 8592645 9334486 8098335 9071476 6984766 7132120 8086789 9557838 8663141 8956704
8894575 8395540 8455587 7749372 8138885 9042197 8225716 8687628 7644673 8041829 9180461 9440497 9386932 8930700 7490978 8931916 8904147 8006928 7525398 6578962 7321219 9170549 9148798 9400750 7855760 8604910 7395012 7677241 8146721 9605265 8996485 9470847
9445563 9396533 8840373 9477161 6844085 9767059 8595945 9375705 8778823 7721316 9718886 10141523 10138775 9395327 8934911 9417038 9766762 8377233 7967111 7233586 8447591 9087555 9611749 8989594 9651430 9267198 8690809 7220998 8845767 11145558 9624434 8524639
6741146 6034447 6944678 5278397 6005853 7595480 5498767 6367548 6483649 6217051 6735100 7282587 5676480 6534708 5777275 7280070 7659088 6435683 6411318 5423515 6068410 6503218 6649986 6437378 6675120 7347459 6534750 4846950 5677719 8503519 7725274 6723684
9314454 8919746 9456534 8292145 6276116 8439580 7731385 8881013 7923559 7044525 9509737 9357449 8502231 8554728 7551476 9530547 9134170 8572707 7833536 7239236 7632392 8281258 8009120 9000917 8683910 8636925 8100248 6893426 7364948 11169727 8607679 8851227
10704679 10803049 10406358 8923373 8877410 9652088 9300327 9992441 8203610 8379884 9305231 11463715 10689161 10043781 8536041 10110767 9893206 9761066 8708989 7574559 8961110 9863312 9716296 10538179 10177874 9855543 8507289 8272509 8477293 11624495 9822537 11493104
9106530 8097415 8248101 7385028 6536761 7120733 5830274 7486197 6665668 6676826 7230104 8444724 8196852 8859624 7437464 8333663 7918547 7656391 7263871 6339714 6928870 8141221 7358328 7599789 7752580 7702090 6865014 6387380 7220347 8313681 7698110 7877953
8430567 8540890 8332580 7029734 7267664 8614491 7880084 7479312 6538634 7546404 8482484 8951709 8680689 7824062 8090269 7786283 9952336 7544527 6672954 6639676 8035545 7206125 8592884 9243165 8252114 8347352 7974125 6728044 8324964 9803693 8054356 9116299
9679660 9446730 10011450 8578860 7987319 9422944 8624463 9131363 8413580 8069602 9441816 9978184 9400510 10377678 9155581 8706604 10127109 8672972 8795470 7204145 8812805 9548872 9579001 9400454 8780434 9698630 8447781 8091073 9483401 10600868 10556771 9807408
11062553 10731975 9717973 9596992 9583746 11035516 9971505 10551174 10148730 8349635 10817162 12517257 10930185 10467765 10192403 11506712 11879104 11220264 8754411 8421868 10006605 11266430 10602720 10544877 11646403 11147787 10556199 8428543 9807538 12760831 11365423 10979039
8644816 8029958 7369239 8183221 6132459 8447324 6978668 8126392 7399781 7119107 8595239 8400231 8355792 8672244 7190881 8375256 7680448 7287987 7104185 5675969 6564372 7946419 7939068 7800668 7878101 7503519 7246305 6668772 6912700 8679818 9412087 8149248
8498272 8856183 7887704 8296599 7645770 8838249 7042018 7590231 7578067 7072695 7634795 9758717 7605664 7779580 7549348 9087603 9421395 8968989 7087424 6457355 7395128 7888472 9247078 8766873 9448481 8510900 7717575 6979933 7203195 9761791 8644505 8696084
8130181 8966150 8310072 7618864 7206770 8624735 7844155 8524447 7344663 7217593 8539232 9619482 9442492 8550030 7249480 7729838 8571774 8264666 7633535 6204751 7904101 7992759 7578308 8004253 9350301 8602740 7360925 6501080 7543252 9431330 8984807 8468734
8363524 8139640 8534868 7785228 7081684 8538689 7036756 7494273 7061192 7000737 7932154 8113002 8541121 9150166 8003241 8769638 8815076 6941688 7570062 6801400 7952778 7613009 7802372 8021335 7757576 7945107 7520072 5896788 7635900 9163607 8570534 8016887
8780943 8878571 9163810 7246774 7324238 8474630 7692355 9274350 8876722 6221204 8636836 10446345 8550674 9345323 7193224 9280041 8589589 8782699 8211931 6965627 8568186 8704998 7769553 7680061 9275003 8625558 7741954 6289064 7649977 10679466 9609736 8632170
8251548 9117762 8461024 8540133 7169577 9985315 8044632 7963011 8416099 7799991 9679717 9701030 9173103 9161989 8955212 8999537 9657819 8751513 7808280 6654710 8088220 8970200 9125632 8510820 9179273 9327873 8344965 6935883 8713484 9560837 9819091 8532155
8947027 7896678 7853071 7524373 7203772 7762270 6278512 7346409 7055386 6473418 7878886 8985941 6846257 7215559 6049968 9370689 8534818 8017985 6587689 6144826 6738734 7618847 7668620 7178581 8192568 7008149 7390192 6152933 5888172 9456463 9149156 8371852
9005414 8460971 8579296 7659196 7028600 8119216 6557931 7991719 7729759 7149594 7750787 9369225 7665480 8306781 7658071 8828100 8063729 8543816 7338920 6527880 6889557 7161040 7132438 8007351 8196484 7694070 7269331 5864546 6855581 8856315 8931304 8714946
