773
674
1444
5536
4487
1412
1494
1095
5851
1733
4164
5975
1971
2231
878
3830
6003
2227
6357
569
357
6031
369
5550
5412
3506
6239
4762
5448
570
1251
6367
2403
5875
3990
2830
1144
2283
3666
6390
2285
4284
6
6521
2703
222
3772
6484
3553
4982
2886
1947
2426
2944
5728
4151
31
4269
1112
3889
5002
1511
2777
579
5035
402
6038
2139
4841
5820
5117
6168
6295
5888
2903
4756
4895
3596
4820
20
5029
5201
2259
1005
2947
3409
3966
5432
1203
3325
1350
515
1957
4760
3396
2733
2181
2625
3430
6455
3441
2714
1041
1152
6222
4839
4037
1013
3020
2933
5811
5556
522
4109
1617
6201
2273
6253
2827
1481
2553
5247
6537
884
5787
3401
4855
5590
4896
2794
2781
6093
3879
2837
482
4486
2439
3180
2389
3129
2554
3193
699
1901
6001
1680
4598
6315
5395
320
5535
2680
3689
3198
4114
5237
1979
2940
5300
6134
4485
4569
1492
4
1104
6499
2028
3449
4216
1294
1565
3378
1299
2205
2636
1991
3276
2738
1945
5223
5218
2254
1100
4494
4945
5952
342
666
1866
3162
2412
116
2712
5152
6019
3307
6022
86
5465
71
2842
679
4303
4019
127
4162
1436
6350
3646
172
6352
3522
3197
6087
998
1418
2081
4862
6552
2042
43
2422
266
561
5845
748
5463
1631
3588
2587
4614
2565
3547
6382
4311
5010
2982
2358
4223
1129
2076
68
3627
1869
890
2533
2252
2787
6550
5137
4539
5813
3876
661
5482
3178
4253
2243
5380
4673
6238
3093
6177
3539
80
2993
5191
6535
5697
3714
2978
5978
4468
4125
4404
6204
2367
1700
4353
4779
897
5534
2325
4983
1092
4130
2359
5090
2037
1508
5723
6458
4640
1411
3685
3034
2001
4635
2821
2761
5779
5578
2307
5612
965
4243
6341
5376
1523
2747
3546
6046
3403
4823
2396
834
5000
213
1863
5171
1918
2329
1032
5183
5689
1018
5569
3058
5919
4671
5669
704
2631
3543
2443
3344
4378
5262
1712
3106
4331
649
1324
3789
2402
975
4255
711
1325
562
2293
4834
4732
961
161
1811
6274
827
2871
91
1881
5488
3704
2239
322
1874
3227
2734
3509
83
3538
6543
1968
2815
676
3622
5738
3747
2241
3009
4173
6027
261
5572
605
1464
3313
6353
1939
3207
4410
4741
6138
5254
4237
4332
52
6052
1725
1098
1611
6094
3294
5523
117
3309
4117
5109
2785
1720
211
3713
4689
3785
4947
501
5528
1462
312
3799
6152
6512
6082
1882
5913
5991
4446
2232
6557
825
462
2684
3800
3825
6316
4672
3517
5866
657
4342
2889
4952
2784
3491
6416
5914
2245
3221
971
1423
1090
2097
4723
3079
2771
5780
2321
3662
2466
6213
2130
366
5908
1091
1286
3841
2459
5051
2369
4941
2290
3915
4045
1645
5931
6321
3246
5404
450
2311
2145
4916
5785
358
306
803
6279
895
4914
5865
4917
4340
4602
6260
3322
2216
1587
728
3833
3042
6156
4003
3194
6527
5750
1213
836
3019
1228
6334
4730
3552
1887
6192
1558
3343
5258
1063
2685
3700
2546
2191
1352
812
3710
1598
409
1109
2407
5413
1638
5279
4717
299
1122
953
3579
3544
1450
2730
2397
5355
4373
3451
77
3836
1126
6244
1624
1832
1057
2583
4631
233
876
695
1287
2278
5766
5192
2058
1658
6505
1237
5902
4506
5940
169
6471
2109
1121
509
5085
3528
3077
5918
6081
439
2689
6173
2313
1552
5736
5021
2693
5396
1210
269
5910
3676
565
2107
859
6391
4070
6460
5763
1969
540
3168
2162
4566
3774
1928
5241
5596
3323
3919
4782
4700
3741
4454
4959
2981
4560
107
1073
6287
2052
3192
4911
938
1311
6483
1054
1178
5843
446
5088
3072
4219
1767
5848
718
5829
2692
6101
1812
2694
4605
473
301
1764
3866
3635
146
2620
3118
1746
1615
4031
3082
3787
5156
4047
977
553
644
1779
3036
5076
1365
190
4551
829
832
2437
5924
4517
134
6437
970
2430
6208
5904
3238
5867
6216
2452
2
1775
5365
1455
5605
3326
5653
6062
6404
742
2178
1188
5056
1728
5876
4426
3675
2388
5041
6137
1150
4685
5598
5016
757
1051
1156
1761
2394
6317
5207
1105
4018
5307
6473
1202
6176
3834
6069
5754
3130
1672
5098
6377
3046
4464
1133
2319
1628
2215
2520
4309
5478
2723
1101
5922
2087
5561
4095
1647
1838
5599
1040
5310
355
1489
5202
4698
5713
3442
4616
1652
1815
3485
1904
6485
6085
6363
5566
5674
2188
2250
3782
5933
6111
3385
2579
4559
1875
5476
2563
5932
5941
2671
5068
3865
4880
4670
4206
3881
4645
3901
3190
4213
4949
731
3759
5194
3499
3420
5984
3945
4632
2686
4716
598
3141
920
4158
1308
6472
5911
3092
5592
5018
2095
3997
1264
2968
6443
6298
5195
1755
2401
1935
3469
5293
1172
4145
4202
960
3315
5801
4028
6291
3365
6183
1382
6398
199
5161
3216
1124
1338
5930
6040
677
1309
180
2233
2875
2210
2118
1277
3173
624
4294
631
3111
6144
706
3235
4316
3371
2491
3033
3589
5886
3391
2048
5394
5518
145
6075
3601
2309
587
6011
2330
4221
5743
3445
571
5359
1154
3367
4469
5917
3951
6493
5557
2022
3984
2079
4254
2706
3225
2891
4833
6510
4819
1151
880
5079
2847
4470
5252
4957
1033
989
1910
2699
5358
3219
311
404
2790
6344
719
3286
4343
2186
521
449
651
15
3571
4069
972
479
203
4484
1211
3618
3120
2759
3911
6188
4401
3128
2287
2344
4727
4152
1667
2505
4607
5267
6405
5567
1442
2333
2935
3912
743
6305
1749
1470
5665
1004
4333
1472
1108
3380
4402
4596
3123
5947
6368
3303
5457
1111
1307
1747
5722
3316
4773
2757
675
6490
2054
4141
958
5727
2515
5879
1914
934
5153
5459
4742
4356
3028
5898
2308
3928
4658
5818
6538
5986
2647
6373
3444
200
4824
383
2808
2907
3702
225
3032
5995
5757
2038
1670
4925
178
5112
5859
614
2047
5234
1204
5646
2006
6275
1408
5795
2551
497
908
3423
3748
4476
4083
4040
4239
230
3126
4764
290
1669
4704
2549
2381
5791
469
4124
1415
5045
496
4840
4724
5397
798
3840
4737
3187
5920
2346
2035
6397
2169
1360
2256
5871
1139
6026
27
21
1272
608
5511
69
3885
6184
3998
3049
464
1372
1404
5520
6388
4104
4763
6376
5989
3556
1807
5216
5435
5379
4894
4234
2967
2564
2085
1641
1427
4043
3614
1261
5698
5069
1664
1503
4558
4718
6166
5438
4795
1698
235
4511
2773
3802
4106
3820
3429
4513
4314
954
5065
5973
1300
5343
1097
2105
877
4299
2204
4238
3014
4573
735
1579
4479
3550
4422
398
4100
4736
2504
5295
2955
3823
1056
2468
3927
6393
5145
2868
793
2760
2561
90
6231
4738
2567
6150
6349
4993
3357
3476
5774
3922
4467
4593
2986
6195
6361
5767
2510
1190
295
4245
5619
226
1913
6314
3894
3038
2362
3816
822
1518
3242
3847
448
4417
4275
1981
3125
2976
2746
2899
2013
4923
5581
1193
6409
2077
5087
4416
3987
194
5398
1519
2934
5606
5193
6258
5712
805
1279
4597
6051
1128
2913
1395
1673
3946
1890
3160
2782
913
3982
837
4870
3488
46
6043
5660
745
6242
6470
5391
4520
4445
435
6448
3767
1748
2908
2023
6313
2010
1077
828
1116
3258
5873
4321
4881
3699
4134
4690
3673
2720
4821
4666
1847
4966
4155
6017
1205
367
4990
2015
3023
1233
3243
1627
4107
1220
2586
2779
523
5274
6330
2174
596
2839
1246
722
615
5840
1088
3637
4617
5095
3493
1334
1487
3268
2289
5894
2270
4499
788
4214
377
3369
3926
807
2679
2431
1885
6092
1643
6032
1227
5004
1317
2444
1140
1806
4707
3624
1857
3181
760
207
1992
4271
3729
1458
3156
1621
628
76
48
5782
850
5610
6203
5268
3205
981
4457
2945
2797
4697
2532
234
2007
2864
4563
4420
5023
3542
929
5514
530
2120
5317
4844
1803
5691
4969
1363
2765
3103
6008
2530
4860
2125
576
4599
5677
352
2383
4188
2629
4017
6089
6123
1824
1530
2323
438
346
5297
2049
5353
2337
6015
3240
1993
2134
1705
3981
1618
5176
6559
1189
467
1790
262
2817
106
2237
2111
2758
1473
388
5330
2055
613
510
1219
811
6133
5008
4241
2927
4443
4315
2662
1351
1326
6370
141
4262
2661
1701
4089
5652
4005
2766
5244
974
3090
3075
2953
418
5299
88
1541
729
3650
254
2113
5451
1666
1184
5446
6182
4272
4516
4907
6139
2100
1328
4778
3683
3440
5537
4496
5972
4627
1387
1371
4177
426
1069
4218
3490
6407
4657
6366
2617
1905
2941
1772
5493
5357
1634
3582
5239
1428
2584
4115
95
1625
5370
4647
2538
2187
6091
511
1452
4986
3310
2696
4512
1376
4178
1549
5070
3102
159
4113
4339
2795
2860
4970
3127
2328
4964
1110
4144
2841
4320
654
1525
1072
3508
5128
4864
5108
3345
3392
930
419
60
6088
6167
2347
4338
2666
465
4680
5844
1741
4346
1314
5601
248
4335
4728
3273
19
3705
2824
1107
6039
2198
1120
2876
4224
2920
5031
5401
5253
6171
1354
403
4048
1019
3153
224
736
1889
2983
3373
4661
4171
4538
815
6412
682
641
271
5464
5246
967
5496
3291
1383
2218
5227
2408
188
3356
5186
6186
3583
6175
5499
2147
1181
380
1602
5977
2314
503
395
3048
955
2811
347
6277
1031
2529
739
5360
2345
5585
2672
1414
4818
5889
2385
4226
1583
3055
5648
5314
2034
4129
6063
1252
3649
732
4075
324
2971
2122
4943
5696
6322
3724
6309
3426
4146
4150
3283
4493
3297
4521
4122
2166
2770
3630
2979
3415
10
841
5693
5926
3398
698
6415
1386
3943
3846
4032
2235
3305
6122
6284
1226
3330
537
2702
6385
3182
4625
2697
4147
6059
1384
2990
4263
2090
4038
2251
1235
2108
4160
572
2158
2719
4026
3237
5405
3397
1765
3112
1563
2905
2253
873
2516
2225
2872
4374
3361
5215
6140
412
2200
4319
959
6289
5120
6326
191
3558
4694
1805
3842
3287
4575
3142
5937
3807
2969
2942
3478
4875
794
2778
2119
4419
1677
2843
893
2963
5283
4815
2137
441
5682
3828
5383
1886
4845
4289
5992
1192
1958
2260
5122
5362
4589
79
4181
6399
4624
1821
2909
4400
6526
3061
2634
1430
5988
2045
1312
3484
302
6110
3758
2044
3428
5855
5288
784
4514
5003
1789
3027
4588
1114
2196
4054
2051
3864
2284
339
4337
985
1777
1551
6016
4702
143
1894
4811
2881
5155
5466
3827
4228
4930
634
5622
5571
2331
5162
692
3067
6155
2638
2419
6475
6345
4413
6504
4434
776
5616
1168
6270
363
4814
1451
4111
5562
4739
2713
2415
2970
5483
4088
6095
5661
5461
2728
1225
3183
6303
1668
3107
4462
944
1496
1241
1754
3935
2165
1626
3471
1738
215
4441
4279
5374
2569
865
3410
933
5670
5166
2447
4183
5624
3018
5417
4817
87
2537
1987
5292
1089
6154
4863
4653
5846
4387
2242
2957
1117
4403
6429
6056
995
2464
5164
3135
3529
1590
633
2063
2411
1994
4208
3151
2599
5179
1955
2086
1449
5666
3320
2029
4900
5555
5407
4094
6312
863
1943
50
6283
1102
1877
5733
3362
2445
3645
1515
823
3734
2380
6299
4909
4719
5882
1096
1995
6445
6220
2619
1636
474
999
6462
3653
5891
4051
2492
4041
600
5595
966
5746
5430
59
1607
4377
3407
1984
2456
5796
1479
5675
556
6170
2356
1791
4524
5421
3962
478
1176
189
4458
1062
6371
6342
990
3612
2764
1758
4591
1378
1238
1544
4759
1026
835
5433
3280
4564
4803
3595
2654
1271
3146
4618
6369
1349
3481
1071
4835
362
1644
6438
6546
5863
2524
4170
4302
1744
2677
6263
3719
4615
2799
1038
1015
4634
842
2849
1800
5116
2106
1420
5793
3259
5308
3988
5133
5784
5142
3680
2332
1693
2804
1466
4847
5559
4601
156
208
2687
4651
5213
4363
5012
5877
3644
3939
55
948
3792
2153
3936
2150
3459
3900
481
1255
1646
3421
1688
2399
4687
1737
1253
2518
4447
3669
2070
132
3681
5816
1035
2873
4099
2082
6310
891
4318
368
5233
2705
547
3590
4103
4157
4529
4341
3293
3166
4246
1258
5462
2348
4191
3202
962
4270
2574
3292
2601
273
196
2475
1000
4922
2745
5968
428
137
2577
3051
5470
3272
6457
3950
1970
4537
1817
1547
2742
4628
93
1463
3549
245
149
4924
1075
1267
4301
4898
6057
5575
3735
3732
4977
538
2185
3960
2958
2721
3087
2469
6267
4212
5530
5627
6028
4176
6355
5345
5181
4846
2364
2201
1592
3878
725
6178
2306
957
5958
2132
3667
3486
1424
1822
1717
2060
1996
5831
889
4641
549
2688
4495
1597
2297
336
4603
5582
1988
4185
3731
4830
1649
6067
84
616
5351
5966
1540
5352
2324
3150
1081
6536
4249
1730
5074
4258
1028
5419
5501
687
5629
3929
249
171
45
6400
5350
2088
5819
6268
3210
847
2220
4050
1546
5726
3817
4799
447
5184
382
3899
4939
979
6071
3616
4295
1835
1407
3573
3208
5897
3557
3417
2517
229
2973
2366
3457
4946
3660
5701
384
1925
5678
4806
2378
4014
2003
4630
4633
258
804
4565
1059
5580
2651
2457
6558
1148
5998
170
753
3715
2000
3056
1639
3607
397
4138
751
6324
2470
5494
2183
2751
140
1858
4015
5735
2791
4619
109
3760
4154
5869
4336
3177
1183
3281
5089
4532
6245
1569
2021
6441
3620
2192
4020
1276
3536
1358
5309
4981
1483
1823
4236
3311
2207
1268
6379
4886
1706
3765
1169
2199
4783
4143
5749
4016
6105
785
4936
1052
2704
4812
3332
4527
4375
2823
1113
4958
5512
58
3501
1034
3234
3983
4910
5124
3932
177
3631
5304
5441
3632
5402
3711
2400
1480
4235
1560
6143
1361
2588
5797
1435
6296
5118
3025
5690
1801
3850
3334
1047
2161
154
5944
445
6024
6127
3806
3196
5444
2591
5059
3414
2655
4678
789
1160
1696
108
840
650
916
6218
5099
6335
6206
5827
3957
5093
694
2858
1355
1260
849
3845
1891
5981
3483
2865
5808
5625
4497
316
3035
1879
4677
3169
1313
1327
5626
2292
2316
1143
5833
6442
1814
4962
621
5025
5927
5509
1346
3561
6121
5853
919
950
3888
982
1296
6061
1482
4546
710
528
5389
5994
3406
1802
4444
5447
175
5203
2916
3602
4848
541
1580
6337
4435
5086
2066
2357
6417
4067
1689
2676
1911
3534
2543
1232
5883
5704
6162
5756
1781
5852
4288
1899
3159
6174
5106
756
3005
2572
427
6446
1132
2326
5150
852
3047
6212
2503
945
5970
4264
635
413
4960
4452
912
1295
285
2352
2948
4093
3078
4002
1409
183
5280
1661
1642
610
1248
3463
5502
3599
2502
926
5817
3299
5649
361
4240
3215
5498
1613
1854
5271
4259
5607
3374
1432
2043
2803
589
4772
770
5489
5850
3810
2859
5005
4954
124
5765
1119
4889
4199
4626
5373
1676
2509
354
4604
5167
861
6236
6126
4920
1774
1921
42
1197
4793
2069
5022
905
4376
3658
6491
5662
3137
5679
6194
2749
3562
4121
4163
4583
4065
1818
723
1053
1872
6518
6501
5771
4136
2012
3910
3941
5434
2878
4972
1145
4326
461
477
3158
5642
6540
4919
3057
3245
5033
6506
2806
1368
277
2923
2168
2593
4873
5159
6114
1916
506
3918
1708
5901
900
103
218
3640
4231
602
4753
4686
1612
3091
6037
453
4582
5564
5900
2653
3512
2342
1837
4743
6464
1223
5424
1201
3110
5329
72
6215
5367
3494
3725
6560
2193
4786
4035
5319
2558
2807
2678
2514
3897
1959
6513
102
4072
1657
1620
3730
3712
3751
5637
3101
6395
470
3498
11
6486
5414
247
6180
5800
4797
4001
2160
713
165
500
526
1342
5400
5130
3370
279
253
1281
6466
5593
429
6098
4280
2512
2299
5702
4644
5315
936
6511
2664
3172
205
23
6286
2197
2246
517
2977
356
1778
5513
1906
5105
1608
6202
609
3435
4358
765
118
1810
5372
2774
3709
625
3304
1528
2606
6354
947
5091
5313
5786
2715
3727
5084
1692
5146
3880
1029
4997
762
868
4267
3060
6259
737
2846
221
1893
2004
4455
4392
240
5524
4667
5285
5260
152
6451
819
5681
6004
1570
3756
251
5664
5714
3824
1196
6477
2141
2148
2440
2391
1961
4866
3388
5425
5954
4921
5169
231
668
3199
6329
1250
4217
2605
4705
2880
3513
5506
2157
303
1240
360
3265
6481
1759
6257
4056
3176
2303
1932
5589
2898
3907
818
275
3942
5071
1605
1819
4540
49
3805
2622
2322
6224
1045
3413
2607
4023
6157
2409
6383
632
6055
2140
4398
6539
5347
309
3339
1191
5230
2805
2615
4931
4489
2856
775
3324
3749
5229
2262
3780
4838
1713
3029
4646
4652
5548
5527
5336
3625
5721
3492
4329
5586
1687
4536
5740
173
6036
1941
1610
3353
3001
1438
4082
5935
5849
142
4101
917
992
3819
5794
5139
6116
3532
260
6233
2895
790
3203
4091
5823
4510
2729
128
5574
3796
5382
5437
5199
3336
2555
1982
5668
3523
2610
2763
6191
2230
2365
2387
1362
6172
3707
5692
1930
2611
4500
3359
1813
3327
2101
1923
1510
2271
2527
724
4349
768
3487
3448
714
2494
941
6293
1239
5856
6023
325
4792
4384
4451
5188
1249
1347
3340
5037
4418
2265
3855
3050
2288
5842
389
781
5983
1809
2424
2904
6048
85
3230
4950
57
2335
2229
1425
5197
2117
2950
3560
1550
348
4409
2892
62
5546
125
75
24
2877
139
2900
364
4437
5565
2214
5938
4442
5102
2061
5034
3100
533
5272
3255
3973
4544
392
164
2223
6163
5951
1164
3148
536
1936
6189
4561
34
1505
2025
2816
2131
3920
4180
539
5484
3844
1960
2046
1079
5711
2725
1009
738
2390
4968
3753
4210
4746
201
5987
3783
4090
2698
3656
4169
1606
1344
2932
2987
4156
2059
3220
5639
2478
3688
4649
4592
5909
6285
603
5026
5659
6070
844
5531
568
4726
4774
1804
5602
4046
2570
4876
5835
3462
2628
2783
855
5487
5456
297
1014
255
5847
707
5761
5337
1445
701
3642
4102
5799
4127
2482
2277
4317
5020
4871
4123
1742
5802
2675
39
6256
2495
1434
1784
3554
2078
3228
318
33
769
2053
2648
1588
2433
1302
5651
612
5684
4798
4853
1138
2075
3122
317
5428
2674
4362
270
2985
2224
5715
4590
4683
3570
6145
5990
3757
3349
1849
1335
4260
5259
4525
901
5392
4312
2632
754
6102
1049
6135
2427
3671
3248
6423
5224
5916
595
5356
6452
5431
1301
3296
1632
6494
3516
5061
2568
1594
3636
2707
6459
123
3811
4796
2542
2429
6410
3133
3233
3147
796
1902
1433
17
1681
1087
5278
1499
5320
2450
3318
400
1915
6035
3967
2992
1345
1001
6426
2462
2540
2371
601
2755
774
3346
6432
4000
2094
3232
174
806
5603
1115
2786
4352
3144
4406
5547
700
6454
2451
4767
195
4430
2017
3226
12
294
3275
2368
3519
927
4207
3832
3095
2295
5291
3395
4660
5600
4436
1206
5427
2863
5874
5204
3134
3633
5563
8
3526
6492
2305
1399
1323
3684
2630
648
5043
1679
6050
2592
112
185
3794
1495
4120
4383
4247
2104
3930
1471
3500
2931
3695
5747
3425
4944
4367
6328
5386
952
746
2851
3609
3736
4956
689
1356
2772
5959
3503
5067
2961
3717
4636
1524
417
5583
5545
1278
5734
6205
1366
3921
6124
4825
2041
5982
5533
6234
4366
5284
4955
3740
3479
2633
4215
591
3904
6249
2033
3718
4584
5149
1529
3030
1478
6130
3295
1556
6533
6401
4842
1878
2618
5206
6288
4424
3012
1037
1671
1439
2741
2040
4556
3580
708
3896
5903
964
1292
786
3576
2392
5344
331
3460
2752
5836
332
1516
4081
4991
4562
996
3452
135
5716
4515
1443
3004
2124
3608
5781
2020
1585
3798
4059
5053
1375
573
3342
5
1459
4184
4073
2737
209
3165
1229
4979
5907
1883
5075
4928
1498
5812
6444
3260
3059
1715
1841
1106
37
2735
4062
584
2496
4679
787
3696
858
162
2339
4504
2458
5302
1180
319
4837
619
3875
2884
6214
2917
678
3626
557
2854
3412
2274
4878
4648
5154
5248
2488
4553
3252
28
2234
3254
6076
3331
3390
456
2838
1771
158
3860
2310
799
620
223
2156
3530
5104
6060
1447
3317
3708
115
3812
2813
5243
2428
4033
691
2375
4807
519
434
1853
4119
5594
4757
5049
378
4286
1831
3121
4918
782
2320
1722
113
4570
5452
4140
334
5324
5806
2435
702
2146
4912
2754
6307
1021
867
6125
3903
4744
2855
3652
5173
3115
5517
2665
4432
1461
374
5923
3375
2266
3007
305
4466
2780
4482
2541
888
1769
2244
38
5597
3647
1290
3761
1163
6534
242
3006
2263
138
2646
3363
978
4024
826
4713
4055
293
2300
2432
4662
4201
2590
2580
4998
4293
611
2071
816
6525
563
3189
3664
5830
6347
4877
1521
1289
883
2637
5322
1589
4415
6261
4027
5777
544
3504
5628
495
4282
2991
3262
3069
1050
559
4656
5092
6169
4220
2327
1674
4769
1477
4350
6227
3959
5776
3515
3775
2869
4355
61
604
2036
593
4852
2845
3917
5426
232
733
1581
6129
943
3256
1756
5111
623
1234
6372
1986
5257
555
4748
1094
1731
3211
1084
4836
6006
3604
5667
6090
315
4725
5880
6302
1975
817
6187
4961
6520
1591
5141
6413
6308
2190
629
3419
407
2093
2522
5969
1703
2149
4465
3992
5868
1948
5449
3728
3610
6500
1370
5993
2032
507
4843
5261
3813
2668
3253
5039
3989
4642
508
3755
2959
4789
5369
5542
1999
6489
921
2635
4828
5615
1364
5755
6002
6066
5222
1768
2483
6498
3925
1640
5221
78
4890
5568
2351
4549
1297
1531
4784
2212
2603
3241
1103
3527
1933
3933
5942
5576
1392
4328
5560
4545
5024
6323
1536
36
5644
6232
5967
4110
5939
41
3745
335
5469
6049
5163
4118
2136
853
5160
4209
3597
2726
5999
5640
1187
2272
1977
471
394
2474
851
3431
1391
2465
1282
4775
379
2110
588
946
5057
3892
6541
252
6509
2255
5062
2497
5399
391
4669
1159
1367
4265
1341
3877
2184
1475
2084
1216
2098
2203
6158
2602
2471
937
2994
6044
693
4891
3073
2296
2361
551
2083
3615
5485
1793
5165
1953
1173
3080
1209
1402
4501
5695
6246
5974
6165
1182
6306
2557
3621
1275
885
874
1695
2535
5011
2833
4856
6230
359
5832
3970
2744
3764
1310
4351
5826
1396
3852
5346
1787
1630
4327
3113
2341
1653
5264
4901
340
2717
3629
3737
468
2710
6151
5240
272
1022
2906
5770
133
5824
2828
3848
2682
3099
5788
1582
914
2999
6508
6207
2384
4161
1690
6012
3821
3065
6276
669
182
6402
3284
2768
267
3766
2822
3184
314
2844
4322
802
5825
909
1575
4794
2834
1222
5956
4714
1816
532
2534
4292
4639
662
53
6264
486
6118
2660
2910
147
4800
4805
4701
3011
2718
6146
2421
4149
3777
646
6529
3302
3721
6331
6200
6545
1194
2039
3348
5050
881
5338
1827
3008
4829
5113
330
4323
4397
2850
3217
1070
3603
969
846
5587
5198
3
4381
3693
89
5979
925
1770
6209
2030
5101
1619
6450
2195
3285
1828
3143
6113
4681
5381
1799
1919
3906
2446
4273
6054
4971
2167
100
1135
4386
6064
4816
1950
3088
244
3611
4481
4888
5558
1509
6467
2727
4935
6389
3376
4808
1578
4078
6250
1745
5225
3329
1003
5157
546
4708
3551
4364
3387
4509
6136
3923
1330
6440
993
2386
6223
304
1315
6262
2350
2800
656
1394
5742
4399
6153
4606
1564
2318
949
1200
1055
4675
214
550
3788
4580
1888
1421
1577
5311
1965
2455
1963
5450
1576
5773
1785
274
3883
2498
1500
2642
3956
1348
4904
5744
5500
1865
5232
5017
1539
6374
5505
5468
4453
581
2929
401
5630
1750
720
5046
5474
4389
6394
160
1972
2281
5455
2559
1985
7
167
2016
898
5013
1586
6190
2172
4987
3204
4535
5543
673
1783
976
6254
1416
1574
2065
4612
4304
265
1927
820
4182
4913
153
3944
2513
663
5828
6229
176
2670
3600
4857
5143
3045
833
1486
585
5479
5522
752
6120
3250
6561
1332
4105
864
1561
3738
2449
405
2701
994
1469
5751
1030
3803
6469
5783
6478
2050
5028
6479
4526
82
1353
2989
6555
4766
291
3722
5334
4749
3068
424
2938
727
5325
4087
6434
4897
3559
1141
4371
3750
3540
845
3201
6141
2624
6007
4903
5096
5839
6078
5687
1493
4370
857
1868
2796
4022
4308
6425
4621
4390
2282
1635
4310
564
4832
3958
2152
1177
3692
2159
3366
4586
4927
2404
5730
6294
1616
3360
6292
3829
4996
831
3400
3663
4502
3195
283
2116
1010
4205
1656
2008
1099
761
3257
5226
4967
6251
6517
4004
6340
2922
4449
4777
2074
454
5792
5647
2613
5700
2911
5047
6495
408
1983
5526
3209
2127
2659
1174
5950
5934
157
64
5885
5333
697
3801
6198
2594
6160
3104
1659
3450
5312
6073
327
4555
2477
212
3247
3418
6542
5703
3586
6219
4752
4175
4440
5138
5135
411
5094
2370
4456
3815
3066
1684
166
3458
6480
1949
882
3223
3521
5129
1678
2616
5890
3355
4802
3266
4534
6103
1457
4396
4872
4579
4712
747
4074
1537
5510
514
1714
6497
243
4008
2608
4194
1254
3157
4427
1429
1321
2984
6420
2818
5694
3938
1836
5881
3354
1974
5445
4882
2949
491
4771
1006
2395
1535
2073
824
4159
892
4061
3703
5275
1629
6282
2885
808
3206
2354
4174
3249
4132
599
6072
5077
3843
6360
1016
5406
1437
5486
4883
3308
2472
3386
5720
3639
1380
2129
3882
4518
5870
869
3895
5236
1776
809
5760
2460
5739
3507
4372
1931
6013
2334
1497
6386
3763
3585
351
1846
4508
932
1973
653
3185
2825
1025
4285
5136
4528
239
4345
2372
1256
455
750
2643
4128
2829
1867
2874
2291
3793
5497
2995
63
4411
4190
4044
1937
5906
4196
2650
5032
5429
443
321
5758
3022
2286
3279
3854
940
4344
6549
3109
759
5519
906
5036
5123
4306
3964
5996
2919
410
6014
1179
3578
3520
1454
2249
1359
1064
6084
2024
3301
3697
814
3670
3598
498
4296
5815
5242
1474
5119
5148
4608
6237
451
475
2853
2600
6532
6068
463
1280
1390
2062
1699
3545
4287
2420
672
2442
4395
6447
5453
4277
1682
6320
1303
2206
4938
3114
4695
1476
5014
2544
1212
5516
5724
2562
5121
2595
2317
1567
1304
5042
2068
2441
4291
2103
14
4013
74
777
3587
1555
2264
5209
3623
638
2810
3164
3965
5573
4257
4438
5245
6554
4576
1842
942
323
2176
3408
3701
4709
151
3638
758
3963
520
6346
1859
3454
5685
5249
1440
3893
5082
3572
6271
5318
3862
4505
5361
5915
6403
2883
2500
2614
5060
2914
130
2652
5144
3518
3641
1020
2814
458
3155
6519
3565
2832
1036
3991
4079
96
6523
3152
3037
4256
5809
1637
4522
3779
338
4084
2418
3437
220
238
5645
1488
4071
4908
3070
1217
187
4189
2304
4788
3466
875
2523
5964
3954
3786
4068
1534
3861
4578
4450
2506
2545
618
4691
5896
298
2525
2261
5331
3575
3016
5552
2382
5289
5415
6339
696
5892
1917
681
5210
1186
202
4610
5368
4984
6199
5454
1127
5997
40
4477
1162
1662
2026
778
3566
2267
6255
4354
4859
4425
3081
6083
4750
3746
5170
5442
131
6272
2536
6053
5854
4473
1331
26
3537
3171
3651
5375
5860
3541
2112
4533
5617
4623
3010
4659
3733
3472
5641
217
622
903
1856
3002
1247
4747
3163
1743
5980
6018
2972
2918
505
2831
5211
740
1766
1860
5335
3826
4879
6530
5803
899
3117
2276
22
4305
1686
5366
915
3986
5643
4933
2238
2194
2240
4010
4542
3470
5340
1002
4298
197
6243
5620
2581
5614
1061
1007
1336
3694
3913
3145
2448
3341
3890
1734
4021
2128
204
4929
683
2481
2213
1131
2002
3264
6516
1085
2275
2072
1603
4790
1043
5943
4092
5187
54
3263
2649
783
6482
6431
2312
1410
516
1655
3795
4899
6476
2925
414
862
3277
2724
3482
6449
4703
6359
2298
6422
47
3716
658
566
2171
372
4405
5286
3873
6000
512
257
2848
5672
5769
1136
3358
4523
51
4108
792
3674
1533
6433
1291
1557
5657
6301
3364
6196
1633
6211
2857
4765
5948
5946
5316
3838
902
6430
1834
4472
577
6115
1924
307
911
1721
4885
5887
5440
3405
3822
6096
1718
3124
3955
1665
6149
1553
3831
2405
3071
2208
442
5009
2681
3191
2487
2627
1929
5480
655
6248
436
3869
5182
2476
2217
4394
2801
2966
2708
951
6034
5269
3617
4142
4994
2173
3433
5921
1727
5436
5636
5408
1609
5778
5759
4230
1944
3770
326
3776
6468
2336
263
659
2279
4849
2956
5515
4153
2930
289
6325
3097
504
1900
2142
2748
1735
3394
111
709
4609
963
2315
5936
2560
3726
2011
1542
1285
440
1082
1293
114
1316
3791
1762
767
4664
4204
1522
2826
1719
5151
3289
3271
6226
6280
3858
2031
5364
1514
1808
5174
1215
1405
4974
2798
2014
4887
6265
5731
2479
1343
2902
3094
4831
4965
5385
5858
3994
6181
3768
5132
4131
636
3333
3434
3584
3119
4330
3368
4758
313
2121
1573
1763
5864
5688
4980
29
997
1039
1967
6465
1797
4222
2576
32
3393
1773
6217
236
2623
1171
1357
5475
5097
1397
2743
3511
1320
2154
4460
5172
6225
991
6185
1951
5862
4148
5217
1431
1406
3052
3655
2009
763
3053
4978
4995
4571
680
1373
3074
3213
286
5140
2596
3154
5709
1374
3003
1167
6364
241
2353
2461
1199
5752
640
986
780
1236
3267
1147
3643
3174
4029
5804
104
1170
210
838
5467
5200
1230
3350
6392
5810
2301
4066
6487
3402
1165
896
5772
2454
5354
1153
2501
749
2996
4638
2793
712
5326
3592
5270
6419
1024
4861
5729
1736
3140
5328
4097
5790
4751
3000
4049
2812
2598
560
4776
373
4810
5323
5604
2921
1922
2528
1231
1208
4060
1468
4884
2508
5460
671
2960
1990
3743
5235
4850
4781
2463
2870
4474
2896
4655
535
1322
5570
5554
5127
3306
1554
5250
6503
664
1599
3999
3924
4519
3489
2133
5591
3214
2434
2862
4715
2236
5611
4693
886
3884
4720
1650
545
2096
92
741
4976
2732
3467
5737
5706
3863
4428
5078
5473
4192
5126
3138
1593
1157
4488
5768
1952
4684
5805
1393
973
3754
670
2257
4663
5477
287
4478
3382
4360
6300
1284
2170
5962
597
4393
345
415
6551
2453
2182
1880
5699
2740
923
276
1257
2964
6107
2135
887
1288
830
206
3186
1074
423
2226
2091
4133
6128
3282
4622
6408
4186
4195
6164
3886
2126
983
1844
5228
4572
3044
5718
2406
5058
1379
3456
2211
3175
5044
3914
2436
4733
590
288
5707
630
6435
4567
5231
1507
5857
278
894
6381
3809
931
2521
2965
6047
5673
645
6058
4423
6436
1595
126
1751
5080
5443
1161
4433
6365
1584
3931
4198
1017
3856
3887
432
3063
984
717
4594
433
879
5298
1861
2731
2556
2867
1997
4382
2228
6179
5296
3871
5114
4439
6414
4989
4166
2753
4734
3947
3312
1263
250
3054
2626
5957
1903
6338
2645
5103
399
3961
1137
4347
2221
4225
1465
487
4854
2248
1207
1333
5789
3980
2115
1873
2928
4053
3870
5030
6380
1739
483
956
1504
2861
910
5038
5925
1757
4988
3464
1711
1896
6358
3668
3778
282
5671
4197
6074
3096
1490
2943
6411
2064
4755
3524
1298
4654
4813
3108
3606
4722
4874
1467
6474
1898
6333
308
4365
5507
5798
6079
6247
3446
6556
4006
4412
2820
3594
3319
3149
3024
5961
1166
4244
4429
6020
4568
5134
6327
1729
1780
1078
5073
2164
1934
1388
2349
667
5001
3908
3634
1845
647
5294
333
376
4193
4229
4391
3752
1622
690
5741
3321
1709
4740
617
5745
4541
1912
1895
3771
4711
390
3953
5196
518
4278
4421
5054
3465
4574
2373
5953
2912
2897
6235
1491
281
1512
1283
3790
5632
2879
1195
5945
1833
81
2882
1441
4126
3905
2974
6343
5175
4809
425
4135
3762
119
3453
5584
2438
292
6311
4926
3568
2019
5960
2099
3678
2988
4688
1942
3665
6456
422
2915
4167
421
2114
4934
1242
1340
4665
1532
4668
1980
2393
6273
4030
771
3062
1796
5178
6384
2552
3455
3495
5063
3439
2656
1306
5841
5821
268
2092
5503
1559
3443
856
437
6025
1907
3690
922
2997
4940
4431
6332
1596
5618
6396
2836
1566
744
5277
3797
567
848
4407
3978
3661
18
764
2612
1067
3781
4729
2585
5410
1976
1083
5439
1571
1134
4902
2658
626
1702
1048
734
3351
779
3013
4012
4780
3039
6147
3475
3898
3136
6077
3851
1398
1385
5822
1080
5055
5529
2711
2057
866
4731
3212
3239
3769
872
4490
3874
1651
3654
5708
6496
2416
3480
4682
1513
5180
3086
791
1788
1978
1243
4300
1042
2709
420
6010
2566
472
3564
1848
583
3383
4385
2480
5273
5680
1008
6387
1691
6159
686
3686
1601
5306
5623
2179
1843
3657
6304
4085
3659
5899
1562
1456
2177
3461
1027
4232
73
4992
1401
2597
6421
4548
5006
4745
25
452
256
5949
525
5635
6427
2550
5621
2268
1704
3949
5281
344
2641
460
2526
5838
5305
6424
3682
3236
987
4361
4999
2209
264
2750
5686
5905
4380
1502
65
5655
870
136
4801
6453
5185
3474
1648
150
5115
4867
558
652
105
3083
1909
6502
5390
337
4227
3231
1426
6132
1998
3288
6117
5588
2954
3384
1660
110
3084
3679
1786
6005
1623
5732
3244
2410
5971
2663
2673
2548
1125
3535
1377
5508
5521
2722
4325
3723
2005
343
4975
1446
4577
5100
3017
810
4643
3985
6099
3447
163
3432
2887
582
4357
5834
5710
5189
2423
3857
2155
1526
854
1871
4025
4475
1966
4710
3161
371
2143
3200
5861
3814
3179
4973
586
5965
3026
1724
4250
396
98
531
6030
3510
228
5753
5579
860
4557
2027
2952
1023
198
5131
2621
6197
1086
5631
4348
6009
381
3139
6524
2691
5052
67
2890
3742
5384
3916
2175
3677
4770
2467
6100
121
490
843
5019
4165
1829
1158
2163
606
5525
216
1600
5807
1795
2489
3837
5656
365
3548
5538
2762
715
1527
2924
5341
3404
5472
730
1897
3996
3569
1850
5814
444
4034
6362
6351
2962
928
284
5276
4242
552
5238
6241
129
280
813
2936
4036
237
6033
4721
4200
2417
94
5613
5929
488
328
4706
1319
4581
6548
3868
1732
1604
4268
2547
5683
2669
5549
5481
4251
5255
968
1697
5541
1710
1060
3497
2789
4696
4369
2363
821
4893
5504
3167
2511
3891
5409
1329
3335
1339
5658
4754
6348
1448
4637
4611
5290
5282
5147
5377
406
3744
6119
5491
2788
3971
2578
2343
3477
168
1369
5212
1262
1753
5083
1716
5544
1825
3952
3720
3937
3969
476
2360
2852
4057
6297
1675
1337
2582
5110
1723
97
3427
3270
3468
3574
4042
2180
5633
3379
5064
6514
1068
4324
2222
871
4550
4137
4761
3505
5551
4248
2247
44
2067
924
2484
499
5577
4768
4448
660
2519
5884
3290
4804
4985
3251
5007
3533
4620
3773
3416
3934
4492
6042
1224
494
1989
1760
1707
1876
492
574
5705
4953
6544
3015
1614
2377
4892
1453
6290
4007
2901
4063
3835
4203
3261
1065
1381
502
259
2700
2490
5411
3399
4543
4252
1782
1221
2769
1940
3473
1946
4463
5895
2493
1417
193
6269
2374
3436
5490
1820
4261
4334
3628
329
6507
3116
485
1149
1146
5725
6240
3269
6065
2756
607
5048
5220
5349
1305
4086
3298
5015
4547
6461
904
6148
4187
184
4039
5422
1273
637
5256
1155
4951
1740
705
3940
1244
3338
155
1218
4629
1938
179
2975
1093
4116
1066
3613
5608
5339
4554
4098
5539
1962
4503
6131
2802
4692
2946
1266
4283
6418
3976
3131
16
5416
1752
4587
5532
3337
6531
3300
6439
721
1548
5066
5837
3808
70
5107
2056
6266
2575
801
5748
2413
2355
2894
3105
375
3064
2123
4080
3818
2573
1839
3098
6080
3381
3496
2376
1884
2138
3968
3229
349
489
181
1419
6528
35
2499
3975
4948
6142
457
3218
6553
1964
2258
1862
6488
703
4937
5717
716
4179
6406
1726
1517
6104
2571
2379
3041
341
4052
2018
3698
1175
1270
4942
5553
3424
4735
3849
5676
2539
6318
4276
1460
3687
1076
1400
2189
6193
430
2926
6221
5928
5327
1265
1198
4915
6522
1830
5190
5764
4676
766
2202
1245
2980
1538
3222
1318
4600
2695
5418
5301
4281
300
148
3188
1123
2144
4168
99
5471
524
1892
2716
3040
4359
2507
1870
3389
5332
466
6041
627
3995
3372
2089
393
5540
772
192
3839
1506
755
5072
459
3739
101
5263
639
350
1654
1214
3314
5663
6228
4211
684
1683
3328
4552
5219
2775
1545
4507
4096
6097
4112
4827
5177
2080
6210
2644
2219
5205
980
6463
2604
2425
4868
1142
5609
3502
296
5158
6278
4471
3563
2736
6375
3909
726
2840
2294
5495
4172
1130
4585
3605
3993
2819
4932
3977
66
2151
387
4368
2485
2639
5378
4313
3377
2792
5403
30
6547
6045
5893
4274
2338
3591
4076
5654
534
643
548
4963
5963
2667
6428
580
6356
5348
5303
2302
4865
542
2473
4388
353
484
688
4058
939
6252
5321
2414
3691
493
3347
3224
529
227
3948
2609
2888
2398
4139
2767
4787
6319
1855
3531
416
1826
3902
1694
4822
2657
5265
5638
1259
5168
13
2102
5266
543
4480
665
2683
795
1543
2893
122
6515
5492
4408
1058
5423
6029
5287
5208
3411
2739
6109
4266
1568
3089
1403
3031
386
3422
527
4307
1011
642
1926
3555
988
2776
3972
5650
3170
5719
1685
144
1794
1864
219
1484
4858
3278
5214
5388
4869
310
685
4461
5976
431
1185
246
3567
554
4414
4699
592
1044
186
1046
5912
1118
3438
2269
1
2939
3593
4791
2280
5762
4530
3514
3274
2951
4826
120
4531
5363
6108
3076
1501
513
5393
1956
3784
4906
5955
4674
6112
3085
6106
4064
6086
1954
1012
918
1920
2690
4379
5251
6378
2340
3577
6336
4233
3352
2835
4613
3859
797
480
575
5027
5342
800
4459
1798
3581
4785
1663
839
4011
56
5458
1572
4498
4297
907
5371
1422
1485
5634
3974
9
4851
4077
3132
1851
3706
6021
4009
2998
1413
3619
3043
2809
2640
1520
6161
3979
3867
4905
5872
1852
4491
3872
5878
1792
2937
5420
4595
3021
5125
5985
1274
385
2589
4483
578
5387
2866
3525
370
935
1389
2486
3804
3853
1840
3648
1269
1908
4290
5040
3672
594
4650
6281
5081
5775
2531
